0.154768851013968,-0.755915872008738,-0.636111466019191,0.0943235207847897,0.652234333434292,-0.752125952029503,0.983437682917722,0.0564053963268884,0.172246204842455
-0.0229218697104524,-0.725265230159991,-0.688087882330413,0.156145079451053,0.677224850847079,-0.719016839551325,0.987468127106997,-0.123922747371606,0.097723337190621
-0.128905524643816,-0.710147373974278,-0.692151770173088,0.197228886407651,0.665671250434379,-0.719710047666091,0.971845734714466,-0.229286924142146,0.0542528739767158
-0.262341508682445,-0.665989170030241,-0.69830892749889,0.287857314499738,0.63669657152657,-0.715370982284933,0.9210402267606,-0.388684835321294,0.0246779148235936
-0.302557139810115,-0.682899329528012,-0.664911785788246,0.336602783141664,0.576101894858341,-0.744852450571195,0.891716178798618,-0.449171584665393,0.0555620733771779
-0.292993303667196,-0.713442626277527,-0.636517511947948,0.364393831177856,0.532164273982724,-0.764210914143448,0.883952521239521,-0.455851735223927,0.104053523187007
-0.324801899262629,-0.72807387970459,-0.603665596110376,0.418832703022058,0.461546928917608,-0.782018925145652,0.847987554811169,-0.506836125486958,0.155029831925157
-0.303799554007412,-0.754980175858946,-0.581128871288368,0.433938438283105,0.433367875427371,-0.789866897855573,0.848176433747907,-0.492135366141839,0.19595795117096
-0.339521756502409,-0.744859769034206,-0.574376967971235,0.466365514281512,0.396995997260522,-0.790504513110497,0.816840366259197,-0.536263090873718,0.212588130938928
-0.43140986307687,-0.694177799218794,-0.576196765967797,0.505379860874521,0.34310798827386,-0.791750026589905,0.747313004210717,-0.632767011983413,0.202803309349569
-0.492819179093556,-0.639705942145006,-0.589835200968816,0.532718908296217,0.314160632874887,-0.78582037482833,0.687996963264548,-0.701483716372676,0.185959065933177
-0.56164214070417,-0.52420590425425,-0.640129889733499,0.551081793470656,0.340080819126159,-0.762006491683402,0.617144199268212,-0.78073888490805,0.0978766105978957
-0.642239544974118,-0.396099608735051,-0.656226688600347,0.578875928984199,0.310528086103,-0.753972789020856,0.502425144388812,-0.864104974931372,0.0298591122563067
-0.655578748260549,-0.347479253193633,-0.670428723600897,0.583240034119559,0.330922514038499,-0.741836472750333,0.479632742240715,-0.877353097847403,-0.0142819560360999
-0.64583173987836,-0.33698112112755,-0.685087649698424,0.587846512218162,0.353098440448563,-0.72784474266545,0.487173318069282,-0.872791621955901,-0.0299490034050348
-0.667702866046087,-0.339648879638054,-0.662428502734035,0.578051780134969,0.324147583493357,-0.748855449067583,0.469072512685016,-0.882930904814206,-0.0200996310248028
-0.674101734546214,-0.36926472852899,-0.639711194013514,0.567778596043197,0.294916512572461,-0.768538688998357,0.472455624749035,-0.881287586929777,0.0108568764610464
-0.612989720438285,-0.442185614844364,-0.654763686120196,0.572704434281268,0.322226403514341,-0.753777006702105,0.544291496894418,-0.837043623058515,0.0557201893886662
-0.569810696572673,-0.481171816794612,-0.666175241804991,0.56970385569564,0.352929517297366,-0.742211743794026,0.59224427973336,-0.802442794560971,0.0730224251876973
-0.505293441034086,-0.558576804049251,-0.657776932117612,0.553720894557072,0.374762596731107,-0.743603501217063,0.661869858339877,-0.739962803166134,0.119930565543851
-0.38822785986383,-0.668004493703406,-0.63486150081542,0.512274257777933,0.416226464664757,-0.751219418632629,0.76606410544002,-0.6168675113059,0.18061079660875
-0.271547891858377,-0.730263669762624,-0.626878548884946,0.476871479636453,0.463681961545135,-0.746721253512311,0.835975678077186,-0.50171108335623,0.22233005757411
-0.12951496103053,-0.748047746864212,-0.65088435476714,0.435635499876331,0.546744962929542,-0.715046611598623,0.890756749127818,-0.376157565286874,0.255064501569096
-0.0408502220397799,-0.73710828535038,-0.674538831370828,0.394066532537526,0.608493437693263,-0.688801353234795,0.918173636788354,-0.293950866561159,0.265612614073187
0.0333887562164891,-0.715314437270606,-0.698004618029532,0.32950343070816,0.667225413635347,-0.668010281770193,0.943563818779561,-0.207690883842736,0.257976387793058
0.00951820213980358,-0.69584022417916,-0.718133543459935,0.32310391062096,0.681782726672994,-0.656335414671325,0.94631562745707,-0.225784623091638,0.231318043407552
-0.0112422156375226,-0.655080785272026,-0.755475199695493,0.314971024306011,0.714742893015634,-0.6244484372078,0.949034702439896,-0.244972981471482,0.198296172211648
0.00492538325235274,-0.613070810474116,-0.790012608724967,0.305321438057647,0.753219151740729,-0.582614562908779,0.952236609284808,-0.238338185768852,0.190893554480459
0.00993339905662387,-0.553404378363364,-0.832853481466843,0.289411260444537,0.798838233626302,-0.527350546434452,0.957153305333627,-0.235798792416477,0.168096637633965
0.0128418696781171,-0.504080353850485,-0.863561279380415,0.252625034283425,0.837250831468127,-0.484965604202224,0.967479032556504,-0.211929332721781,0.138095182738689
0.0333798892948128,-0.487005581364961,-0.872760761440409,0.24012317123134,0.851577206374136,-0.466001206245033,0.970168359424523,-0.194015013087642,0.145366877479472
0.0724504077832654,-0.4700394348616,-0.879666907463857,0.229349280222308,0.866200564403525,-0.443954378161229,0.970644036747534,-0.169586296327272,0.170559790174738
0.0434293126661518,-0.430461653257637,-0.901563453050337,0.218580481785468,0.884645777968249,-0.41185485368681,0.974852023531663,-0.179177600714077,0.132510073649398
-0.0100426763211833,-0.369126033486364,-0.929325086315295,0.209238852491059,0.908022070838083,-0.362925641804412,0.97781299196755,-0.198095659401066,0.0681165359213456
0.00189042481726314,-0.33220282932379,-0.94320607848088,0.19853740160776,0.924556236190542,-0.325236323746314,0.980091488819717,-0.186646849184353,0.0677024905945415
0.034929820282193,-0.3336399168666,-0.942053243467853,0.190962760638291,0.927488345689567,-0.321400984222876,0.980975601992453,-0.168670609423452,0.0961098008127407
0.0459960717414896,-0.349353299583705,-0.935861439238913,0.19391818229794,0.922153951155752,-0.334705585465939,0.979938824600094,-0.166085407058575,0.110161416129118
0.0535294568636837,-0.35509623766215,-0.933295911941151,0.190694519346781,0.921070233534142,-0.339507327149888,0.980188858097754,-0.159800772512359,0.117019295697223
0.0759050898905096,-0.369111181257739,-0.926280385843957,0.184526089929327,0.918114575571208,-0.350736009356173,0.979892106032143,-0.144300249459995,0.137800212415205
0.062546667243202,-0.394719616652009,-0.916670245315544,0.176909719221812,0.908309057786081,-0.379048290839863,0.982237682876007,-0.138459668401497,0.12664144094458
0.0395228358304538,-0.428339699095218,-0.902753038004823,0.161904652981915,0.894265500461163,-0.417224277850357,0.986014618953859,-0.129670030708581,0.104694098903954
0.0240839359882756,-0.452026171706508,-0.891679485084002,0.15019718112732,0.88345028315514,-0.443797706139307,0.988362671699372,-0.123239349582275,0.0891700168544237
0.0474266099640437,-0.468593538516573,-0.882139905189554,0.142500911423346,0.877274632129341,-0.458347804691859,0.988657780483638,-0.103967857931419,0.10838116813505
0.0508279634058791,-0.468236805268632,-0.882139905189554,0.136126989955199,0.878286247495594,-0.458347804691859,0.989386658865859,-0.0967861645687758,0.10838116813505
0.132878703834067,-0.513528881338555,-0.84772126203048,0.132074630961711,0.856852273197457,-0.498357776875889,0.982293002074079,-0.0457413374041769,0.181681556930722
0.119157524639547,-0.544244316082221,-0.830421344098267,0.131718606593633,0.837652655542759,-0.530083236236721,0.984099432475605,-0.0462185360473479,0.171499719903073
0.0748228739784383,-0.570017145709119,-0.818218791722138,0.144119002344313,0.818085764892757,-0.556745358708191,0.986727546333276,-0.0762635881496606,0.143361830448876
0.0496374476305984,-0.590861452762264,-0.80524460099549,0.154008084929256,0.801123827628869,-0.578344294155042,0.986821986768203,-0.0953066442853618,0.130763182837987
0.06639134221634,-0.633924955544158,-0.770539642339737,0.16267136051047,0.768788260598818,-0.618467977210718,0.984444116315591,-0.0842838128218119,0.154162319481228
0.063876722536512,-0.665294041823355,-0.743843802308211,0.193176174816186,0.739511271091259,-0.644830245423069,0.979082596005761,-0.102503257720587,0.175756514403555
0.060103721922044,-0.701375071499827,-0.710253864255401,0.208797099192815,0.704633463887775,-0.678155920816284,0.976110298060513,-0.107539251662485,0.188796174145795
0.00121885687484668,-0.748523475380457,-0.66310717172436,0.235539686377397,0.644665817221926,-0.727273703805399,0.97186396709064,-0.15530161270878,0.177092740000532
-0.263965194321924,-0.810437585713038,-0.522984986256977,0.300569182895312,0.446101435690052,-0.843001586812812,0.916504523982415,-0.37971624766251,0.125837310766204
-0.48394903837185,-0.741591030464228,-0.46458160940137,0.359017639390235,0.31590157134495,-0.878244004721043,0.798059936887967,-0.591818334251987,0.113363999477694
-0.761295575925597,-0.476866243886481,-0.439349099825768,0.430503347353616,0.134951557720912,-0.892443244686199,0.484866903380139,-0.86855435207608,0.102554490375878
-0.82079886272621,-0.358304980548557,-0.44486713506558,0.441596832547329,0.0959754181864503,-0.89206555621664,0.362327841093568,-0.928658311769207,0.0794498303990643
-0.814614205824126,-0.339101469623405,-0.470546372814387,0.459190440304704,0.118554267186128,-0.880391404583627,0.354327299544222,-0.933249740975698,0.0591361629334541
-0.791846903898656,-0.348489304695115,-0.501531340296125,0.483821153405469,0.143181609276643,-0.863374842280196,0.372686962883751,-0.926312167294626,0.0552285833461231
-0.782611638510195,-0.350449526622409,-0.514494074366767,0.500705154984078,0.136706137979765,-0.854754806720049,0.369882915313425,-0.926550895055845,0.0684840699028254
-0.760462466254766,-0.375439478554936,-0.529850955798058,0.517123250755196,0.143408929490152,-0.843811248130094,0.392785413357086,-0.915685031484564,0.0850913754091276
-0.703044145220921,-0.436309034784246,-0.561572218006041,0.536433382203701,0.193055124673695,-0.821564936748595,0.466870599125799,-0.87884250295651,0.0983244561086095
-0.664247974078075,-0.451245981142129,-0.595946049098616,0.548397688970706,0.247590069738782,-0.798723439056557,0.50797106577517,-0.857365862318895,0.0830010509898269
-0.649426957728675,-0.431816778729181,-0.625922436235698,0.555830164485757,0.292163630484567,-0.778262964087212,0.518938777528731,-0.853331519768273,0.0502778534441936
-0.64658321782376,-0.400821274445958,-0.649055042642911,0.565517102310499,0.319178290833429,-0.760470660614194,0.511977098533723,-0.858759293755922,0.0202959593225127
-0.628394075183466,-0.401590889917146,-0.666217414520119,0.569737567359142,0.345515847171423,-0.745666080556908,0.529641379250152,-0.848141236168227,0.0116813054504695
-0.617603954222167,-0.407534916852589,-0.672666817432744,0.571153329577497,0.355580687107905,-0.739828526800913,0.540693286292406,-0.841116916071615,0.0131568862765669
-0.688652680260652,-0.387925083233031,-0.612594168898518,0.551026275869504,0.269161845529763,-0.789887298424527,0.471304073047545,-0.88151348867142,0.0283978875822893
-0.702458358337638,-0.398716923843483,-0.589556671951375,0.545416743733623,0.230598728093795,-0.805819335990726,0.457244825511019,-0.887608608138922,0.055480882302685
-0.665119249714322,-0.470828220467841,-0.579600871695811,0.546316125061045,0.222332679033442,-0.807531343869757,0.50907276018045,-0.853749943862311,0.10934330430968
-0.52295295807964,-0.628022228323683,-0.576288369106222,0.531466424414031,0.288333601484103,-0.796496813537739,0.666381004648481,-0.722808283700846,0.182987818329852
-0.426123931815868,-0.702680452287986,-0.569788185825344,0.5163568444772,0.328246097559248,-0.790967830318448,0.742828381185947,-0.631264351448326,0.222960343324074
-0.408082034258007,-0.718907959403282,-0.562708094150471,0.504413027093662,0.336195158371079,-0.795324030559906,0.760944512703821,-0.608394741425708,0.225431335868574
-0.397004170123622,-0.730066468507767,-0.556228946086997,0.494965596130475,0.340053453334566,-0.799607846086092,0.772914450344705,-0.592761841244723,0.226355145761057
-0.32828377060532,-0.764481409321995,-0.554795404413384,0.476241312475539,0.373273115057987,-0.796154126954375,0.815735237836843,-0.525580970332796,0.241538124061827
-0.25347205995856,-0.787629133221634,-0.561597955232124,0.455132698009931,0.415182265583365,-0.787704204347841,0.853584291105785,-0.455262599875723,0.253238668318708
-0.170528467337156,-0.779861111346859,-0.602276256244991,0.43516009683611,0.488788845438979,-0.75612244689337,0.88405640767387,-0.391026995977607,0.256012024068208
-0.104303678209163,-0.770929038374985,-0.628322497211632,0.421591150535982,0.537924090535681,-0.729999023705585,0.9007672532357,-0.341036787768683,0.268909399029917
-0.0824129256425055,-0.750343861904987,-0.655890386107735,0.404093258065526,0.576441405876229,-0.710228093204869,0.910997666557402,-0.323572858090642,0.255702673106916
-0.0813618395351914,-0.715016877252611,-0.694356620413008,0.364776488115028,0.626968485092264,-0.688366640983988,0.927533484455368,-0.309291745678794,0.209810036149483
-0.0885197534269034,-0.665900344688761,-0.740770534103936,0.334128828752165,0.680749343889039,-0.651872883767495,0.938361433057618,-0.305216417871047,0.162236738169934
-0.0257120686731999,-0.624153198528772,-0.780878783352991,0.300368614995028,0.740218599791783,-0.601543946564389,0.953476577924447,-0.250018417898751,0.168443480315778
0.0653460834075412,-0.581707082707241,-0.81076923924846,0.274703113534803,0.791598135806856,-0.545811863925103,0.959306045429497,-0.18705416679492,0.211524584592615
0.127228737642095,-0.525032979827823,-0.841518400518441,0.248512224109734,0.838225779394836,-0.485406239376827,0.960236701436699,-0.147369986262594,0.23712352131944
0.133413623389997,-0.460217732898214,-0.877724582896013,0.219475087677111,0.877371727571259,-0.426672635105358,0.966453046445132,-0.135714737536694,0.21805966851362
0.138710627681442,-0.408506544612371,-0.90215395846667,0.195382075874652,0.904343981128897,-0.379457254803291,0.970868274378729,-0.123629959171711,0.20525697795707
0.179411549879145,-0.326386973033646,-0.928053360321429,0.176390279190194,0.938745141122281,-0.29604734321813,0.967831578931566,-0.110585278646127,0.225993210007712
0.166585521806807,-0.288490398806718,-0.942879925399144,0.156112992040176,0.951897086823987,-0.263667726148405,0.973590261681277,-0.103272580544632,0.203609372247534
0.158548470756547,-0.276322651685325,-0.947896710927067,0.137880496416728,0.956829373792765,-0.255864257283472,0.977676506380632,-0.0901295823408535,0.189803338375347
0.178612515125889,-0.29484828381129,-0.938702327137811,0.124834641738403,0.953124838355523,-0.275625388402089,0.975968176562355,-0.0679524248522064,0.207047304484402
0.208748241270791,-0.321988027153874,-0.923443491576993,0.118092308398828,0.945635542691673,-0.303030736222023,0.970813256225618,-0.0457944403588603,0.235424065823422
0.223733156633962,-0.346690815230781,-0.910905567694708,0.102894909850385,0.937776174744763,-0.331645116966856,0.969203854794998,-0.0195275373689265,0.245484343970896
0.213413101036379,-0.380343063971991,-0.899885549386384,0.0952493770120826,0.924818105220524,-0.368292042318497,0.972307772510766,-0.00711519112301719,0.233595739623899
0.192005161014198,-0.438149004838772,-0.878156858256374,0.0851624838419251,0.898868950126841,-0.429862724417627,0.977691858148459,0.00774984236387422,0.209901335044705
0.226711390275966,-0.531606017299243,-0.816086385066174,0.0852142078290076,0.845517115494003,-0.527104682383656,0.970227027196838,0.0499584805407174,0.236988746397058
0.240563104520644,-0.56679223555586,-0.787956822711106,0.0852931333040711,0.82100012505508,-0.564520926158381,0.966878727739195,0.0685956002461788,0.245845824598065
0.233057303197885,-0.606492575489785,-0.760165146071494,0.0875204122438448,0.791599678185158,-0.6047397183399,0.968516634274702,0.0744090409353659,0.237568566439844
0.229585761433787,-0.638734595884678,-0.734376261984894,0.0870436596660269,0.764982179184597,-0.638142356251276,0.969388353271697,0.0825856013480778,0.231226812872476
0.234350017435409,-0.664246251834454,-0.709828842927577,0.0822397045671024,0.74109070751621,-0.666349153391703,0.968667486974111,0.0977828213798435,0.228302035738314
0.233645555166699,-0.689800579390048,-0.6852626614839,0.0842931444389826,0.716485885190275,-0.692490174748853,0.968661148364811,0.104034306823576,0.225549202287005
0.198676240641851,-0.748651818451064,-0.63249364118095,0.087625377126465,0.656343100099396,-0.749356742970502,0.976140125539293,0.0934568867544297,0.196000677627155
0.177413041580762,-0.786549263968674,-0.591493759922622,0.0908944458344035,0.611555202687665,-0.785963379415419,0.979930003823497,0.0856766561905092,0.179990828073248
0.148291387126776,-0.819681478363244,-0.553291910777903,0.0976313201466412,0.568878677827391,-0.816605887340878,0.984112691631624,0.0670770000939666,0.164386393074224
0.00146805472080308,-0.843773362582184,-0.536697640587408,0.151178245644902,0.530716940482345,-0.833957233393169,0.988505428846532,-0.079912712892332,0.12833929818696
-0.22144529112033,-0.809139335868489,-0.544293595581404,0.223588511010012,0.501153436291149,-0.835974527744655,0.94919447995917,-0.306820417253927,0.0699361907110185
-0.388688982192873,-0.734026509599314,-0.556889538712406,0.285328533271656,0.478808856505961,-0.830258819304257,0.876075626428971,-0.481608930707168,0.0233309802662504
-0.470074474616557,-0.685910459750177,-0.555478919059283,0.328128550938734,0.448432953957337,-0.831408166825383,0.819366610482033,-0.573092250000293,0.0142699199993003
-0.506909512110806,-0.659421247431923,-0.555163367817899,0.361518100477063,0.422030093957282,-0.831381538658313,0.782526299595765,-0.622136816327193,0.0244616477618403
-0.517965169202601,-0.642642059553859,-0.564555813702503,0.388059917656533,0.411632371380686,-0.824601898578894,0.762313310785877,-0.646196544500113,0.0361723938216304
-0.517701848512474,-0.630941094376382,-0.577839191708126,0.412016888635112,0.408059337009693,-0.814696054340913,0.749817897576611,-0.65984915920712,0.0487053135442965
-0.512119917160632,-0.634417429566136,-0.579005799202463,0.430766864415907,0.393495177711775,-0.812158515093493,0.743083507399185,-0.665339064072053,0.0717692890521414
-0.494494385282654,-0.650062375540079,-0.576969852618939,0.446510735871915,0.379533377971789,-0.810297832748209,0.745723451203629,-0.658310962169485,0.102582705230637
-0.412088616271014,-0.662012982312863,-0.626036567293852,0.446907483783781,0.451901874481684,-0.772048182938079,0.794013018330235,-0.597932694447435,0.109634938012204
-0.428549758593016,-0.611192449581451,-0.665423845368118,0.463609867677889,0.483385209262149,-0.742566246242232,0.775506927758584,-0.626723646467255,0.0762002359394527
-0.487108116020094,-0.540607492302728,-0.685907590403773,0.483722573488443,0.48690209239724,-0.72728180529758,0.727143833918072,-0.686053854799567,0.0243300865099472
-0.548380360390867,-0.469230445499104,-0.692171777345982,0.510510150785437,0.467726732997279,-0.721533844795047,0.662312891526817,-0.749035708265237,-0.0169452489206248
-0.540052700437185,-0.472822266064047,-0.696263014574639,0.516854411235648,0.466584896318035,-0.71774650964957,0.66423233761746,-0.747487551228747,-0.00760015929412046
-0.51132041552245,-0.513991161747188,-0.688741256435046,0.518258972887289,0.454878072084278,-0.724219287618538,0.68553560789485,-0.727254443219612,0.0337920867300584
-0.536625174932839,-0.529950979506709,-0.656647074879786,0.518840042844958,0.406473501684856,-0.752053390637057,0.665461066906954,-0.74426557877409,0.0568358749657887
-0.600400361500239,-0.51682337462926,-0.61025650782864,0.52503959999728,0.320846793690013,-0.788283422008566,0.603202142192051,-0.793694484304674,0.0787162069669148
-0.6276296124634,-0.52805771955315,-0.572045552713566,0.527104056150685,0.252513379589807,-0.81141746784108,0.572924413468774,-0.810797162025411,0.119856491284373
-0.434134882121776,-0.697156288004238,-0.570526085487126,0.513288347231729,0.329028614126265,-0.792638154319024,0.740312080626294,-0.636956263162787,0.214999400223506
-0.433541374434394,-0.69367579409029,-0.575200633993689,0.506406891923369,0.340436481900241,-0.792246843858592,0.745381738752734,-0.63475735087086,0.203688902617099
-0.52080810515488,-0.643989381807263,-0.560389680244455,0.509476032272935,0.292247841420926,-0.809336377363724,0.684976707738599,-0.70701405594536,0.175892110543028
-0.545052338693484,-0.639580128382607,-0.542084133195994,0.501708272742022,0.26920711907394,-0.822080492471465,0.671719254709124,-0.720044989162481,0.174150671646772
-0.47613619344956,-0.692541068682409,-0.541923604833365,0.486227753701716,0.306153823176236,-0.818445116110272,0.732718838858089,-0.653189639188192,0.190961772194471
-0.395237873727352,-0.732496047956994,-0.554289241189893,0.467132727295029,0.359291649676371,-0.807896358181382,0.790932385391691,-0.578237883747008,0.2001672089489
-0.325281324793294,-0.752948677086535,-0.572066735105578,0.444734018726967,0.412070294310742,-0.795241928681845,0.834508066065081,-0.513094886176324,0.200823119814487
-0.273334987983392,-0.756845925413142,-0.593693716936304,0.429534344323746,0.456212282292594,-0.779339849187601,0.860690554956012,-0.468032689746034,0.20039253962811
-0.225407933090555,-0.748325852419814,-0.623858703794379,0.418246385061108,0.504005121725792,-0.755677708191452,0.879921147082601,-0.43126239793695,0.199377829867095
-0.180892075756319,-0.726475304586267,-0.662956777440928,0.391725129488027,0.565082445730123,-0.726108292512385,0.90212498017523,-0.391044065744454,0.18235969617733
-0.161111043277644,-0.687148401276961,-0.708428053055853,0.370994778659002,0.622993692720713,-0.688652113216803,0.914552407433137,-0.373772569154997,0.154557305248008
-0.141784147325216,-0.644427300522575,-0.751405822381254,0.356354586255694,0.674954702058625,-0.646101817845675,0.923530543307472,-0.359373906273312,0.133946747135069
-0.104598137032652,-0.607440672299983,-0.787448448703179,0.339843980165089,0.722296204571226,-0.602324050663389,0.934647152071224,-0.330611588571464,0.130884218404678
-0.0543483887494549,-0.572441850717995,-0.81814215157691,0.32542534539437,0.764463545736878,-0.556501421215036,0.944004553598812,-0.296489147838428,0.144739725019601
0.00415647274572764,-0.537307247895313,-0.843376336574295,0.308750963633594,0.802867171720747,-0.50997759463378,0.951133831902557,-0.258273548650057,0.169231226072689
0.063382206909335,-0.502412418500103,-0.862301836704631,0.287796077836928,0.836533947994289,-0.466244969339905,0.95559202248082,-0.218615451398034,0.197613691279352
0.101139359756193,-0.469902100359489,-0.876905266255055,0.26728846053664,0.861852278231302,-0.431007574610317,0.958294166095182,-0.190794828507629,0.212766596632751
0.116348147487102,-0.437465234905808,-0.891676666076401,0.238229463958493,0.883857831661563,-0.402544476937107,0.964214618784827,-0.16558835001088,0.207052329767877
0.133785658412855,-0.437573668098365,-0.889174157626042,0.212958152636262,0.888973008826077,-0.405432873364336,0.967858575840907,-0.135115782074683,0.212116719297554
0.15352003117102,-0.445207129797575,-0.882169038000458,0.187935221318889,0.889612112380165,-0.416257903341572,0.970109247774223,-0.101886707101106,0.220243379693975
0.168917773306773,-0.45012603346886,-0.876842825057417,0.16649162645552,0.889873528215511,-0.424741853484529,0.971466584181503,-0.0742405399688637,0.225257670333009
0.201477004683918,-0.444624832733021,-0.872763298209045,0.114835097146922,0.895613066611384,-0.429755902086533,0.972738360016121,-0.0136379262384735,0.231503973877471
0.215438180370635,-0.449736743170619,-0.8667890471625,0.101979496195163,0.893141137978617,-0.438062883620653,0.971177930553599,0.00598076019802921,0.238280628069265
0.189054141757596,-0.506093088877952,-0.841503604789826,0.08400448976793,0.862151285349541,-0.49963827602473,0.978366892930831,0.0237686045048571,0.205507363023234
0.193111889125528,-0.521551417518044,-0.831078767123363,0.0746517073829694,0.85237733674299,-0.517571249579935,0.97833272502926,0.0379077128279492,0.203538901551955
0.212942793068995,-0.514417000300834,-0.83068075497237,0.0739319483758803,0.856225822440884,-0.511284077587771,0.974263534106312,0.0474604128397901,0.220358969238276
0.218629357375299,-0.517088153316895,-0.827539150610403,0.0726358013373153,0.854326337278455,-0.514636327707699,0.973100839819671,0.0524056402661299,0.224339930486187
0.202404877299853,-0.546729639010785,-0.812477056582134,0.0717955432833455,0.83570093415342,-0.544471623337481,0.976666609242827,0.051871480432307,0.208402696498582
0.178679332261712,-0.587506086931857,-0.789246662356279,0.0767033004377199,0.808031715787311,-0.584124430223368,0.980912993044984,0.0438331392878833,0.189442223318086
0.164207668277143,-0.619677153885427,-0.76748685111306,0.0815214957421403,0.783911839213989,-0.615496932626074,0.983051416463528,0.0385026400730994,0.179241343714148
0.168804401341853,-0.662454240783668,-0.729835223153385,0.08958996990016,0.747708314058009,-0.657955860511796,0.981569514288676,0.0456799294686691,0.185565709824931
0.186239378501694,-0.678320523704199,-0.710771525187218,0.0982695128892544,0.732661150218072,-0.673461759714418,0.977577616730156,0.05557792801817,0.203108584716145
0.198413397793712,-0.693496300153811,-0.69260017704945,0.107298405550129,0.71777140741879,-0.687961669614267,0.974227476384419,0.0621859177388585,0.216826511046554
0.197596535052825,-0.710804019809635,-0.675065370729073,0.111023081048701,0.700439233931013,-0.705023939341488,0.973976121272781,0.0643624501755453,0.217320017940891
0.172425373633025,-0.738454201549534,-0.651885636244082,0.117820655512269,0.672507986920781,-0.730651285267068,0.977950808406114,0.0491772278763137,0.202962599008364
0.13081125586615,-0.771726209452553,-0.6223560660769,0.130083565394985,0.635683521464401,-0.760910458958705,0.982836039913499,0.018577356717597,0.18354345661052
0.0578797365822136,-0.805026096338465,-0.590409112655984,0.155133672005873,0.591469249939023,-0.791263338078129,0.986196471248578,-0.0457942200569271,0.15912073876849
-0.163786536301285,-0.819034114176799,-0.549870066780375,0.237830519058265,0.508172467411305,-0.827766505464907,0.957397835140076,-0.266352892193295,0.111559500220119
-0.407305694707188,-0.758083019038145,-0.50932524707215,0.308094606273073,0.410938216822385,-0.858025346677054,0.859755654034642,-0.506398971366303,0.0661838133882854
-0.578939288325995,-0.654089922516652,-0.486822014390014,0.364497765174423,0.326463723792644,-0.872102526214832,0.729363201440436,-0.682339952156988,0.0494116390636634
-0.641484614188543,-0.582025979368529,-0.499743183144584,0.406359280525593,0.294731260043946,-0.864873181156422,0.650668598358718,-0.757878119286348,0.0474460895848054
-0.679651316132606,-0.522960419031181,-0.514379712475082,0.442191414927705,0.267402833401734,-0.856132277894578,0.585269887354074,-0.809325722324118,0.0495079199835073
-0.720776945606088,-0.444799129911404,-0.531633641441939,0.484789719714089,0.224708014742766,-0.84527228498863,0.495438717040052,-0.866983299804802,0.0536696889993212
-0.706181764788843,-0.426398947574671,-0.565235572648191,0.505554928513383,0.25525012004362,-0.82417327697126,0.495703065691089,-0.867773768746745,0.0353151092243267
-0.669942146726734,-0.423602834851631,-0.609703336340582,0.51765258394918,0.322158152843713,-0.792622184200685,0.532177904811832,-0.846625515125778,0.00345177752750809
-0.65342387562554,-0.397581399405681,-0.644178755943658,0.531243882956376,0.36538267191938,-0.764379120517095,0.539274675452066,-0.841679591001038,-0.0275370751604732
-0.591997906200342,-0.421633798521871,-0.686850361431389,0.541195453448694,0.423531715208896,-0.726449149891906,0.597198426170794,-0.801776668503287,-0.0225435938327664
-0.56683362089366,-0.443114291334502,-0.694513765910875,0.549472268118221,0.424778634943909,-0.719474348301735,0.613823975414451,-0.789438304182355,0.00270020297164482
-0.567093995655124,-0.453865716433134,-0.687321112391104,0.555519532710261,0.405344297374594,-0.726012430584539,0.608113845319509,-0.793537593332877,0.0222629534919647
-0.618453063624007,-0.425010369128201,-0.660970494218607,0.565344505320524,0.343569752672047,-0.749896936487115,0.545803443006703,-0.837452094858195,0.0277955107823064
-0.647513139013411,-0.4225954126939,-0.6341449770952,0.561827596276971,0.297484000549797,-0.77191516469009,0.514855792301728,-0.856105359513045,0.0448009659092218
-0.641831547163791,-0.45249385349427,-0.619113541779891,0.561294175414613,0.272883936639502,-0.781334247150192,0.522495084867756,-0.848989793621828,0.0788366451277695
-0.587874217320091,-0.521535943348971,-0.618388360502839,0.555924209089262,0.294865707047892,-0.777175970135223,0.587666723882482,-0.800658775385773,0.116590510072584
-0.539627374934458,-0.573550008969152,-0.616313786502324,0.542394021734468,0.323042885886977,-0.775533377144093,0.643902959620513,-0.752783953793715,0.136767311528178
-0.532579618812301,-0.596751053569586,-0.600205906076685,0.528238101963893,0.319721694252711,-0.786601897949503,0.661304360532523,-0.735979767580445,0.14494938583142
-0.504329953132219,-0.658967899495766,-0.558043551891599,0.511151864030792,0.293041933988758,-0.807991458384292,0.695970595838288,-0.692739296097938,0.189042845329391
-0.40626405007713,-0.722144149223767,-0.559872618866836,0.485236931214581,0.348683829261245,-0.801850801456961,0.774270393467543,-0.597434025607512,0.208753306191829
-0.288290657446331,-0.766165284834698,-0.574351158389472,0.449277221003939,0.421463956114518,-0.787729720388457,0.845599477007962,-0.485138011302418,0.222716489002039
-0.203369187468954,-0.780202224052924,-0.591544979837618,0.423156126439955,0.474792830846624,-0.771693372028672,0.882938200693882,-0.407254536327736,0.233589118744711
-0.126337088670897,-0.785747203339769,-0.605508276136581,0.399234164620959,0.518508228841166,-0.756148992212118,0.908102979747103,-0.337269253071976,0.248190308244911
-0.119919839035346,-0.781912050135232,-0.611745680866693,0.389041393839241,0.529898468215754,-0.753561150313774,0.913381643172971,-0.328361324208432,0.240650814830799
-0.201663870734609,-0.759642566048986,-0.618283798175924,0.383488717392973,0.519618365361457,-0.763500594637215,0.901259167427787,-0.391075345970057,0.18652610246765
-0.255204531600852,-0.721317475718789,-0.643872461185493,0.374469620540953,0.540215916082068,-0.753617454219,0.891427591194206,-0.433437265627087,0.132245931594923
-0.136216057041865,-0.654722260231856,-0.743494416765087,0.371491327336774,0.66196925968833,-0.65099223723578,0.918389557604794,-0.364877323472663,0.153052799052798
-0.0582784012981246,-0.623872551227243,-0.77935015735377,0.364568679283196,0.713457931527403,-0.598387381239232,0.929351013357085,-0.318999717501209,0.18586520439907
-0.0243236228568885,-0.592139271042173,-0.805468463107501,0.352301925411227,0.748941248580927,-0.561222201561542,0.935570261777627,-0.29741904758049,0.190394840827309
-0.00420424122527501,-0.565138185727142,-0.824985548593886,0.321345938084146,0.780472445164004,-0.536283087945668,0.946952539693801,-0.267360418485525,0.178323566010511
0.0170828756964843,-0.555372179469599,-0.831426435488508,0.302618847148097,0.795418109765445,-0.525101765382601,0.95295855560916,-0.242635061209948,0.181654117385071
0.0833490267600429,-0.559187176752921,-0.824840979276158,0.290582789438925,0.80538742598968,-0.516635980686218,0.953212768598935,-0.196623486422184,0.229618427760357
0.0923109530606643,-0.549324194563933,-0.830494802639799,0.272557285427627,0.816141310796922,-0.509534971293439,0.957701004544401,-0.179321750151421,0.225061093521907
0.0760295508310591,-0.539886086378838,-0.838297394207431,0.254016110272604,0.823479085070433,-0.50730465420055,0.964207095556968,-0.174370898334858,0.199748508608928
0.0676710339961646,-0.53217287001837,-0.843926932603944,0.224225343581322,0.832339631840241,-0.506886311280833,0.972184975430976,-0.154928285617775,0.175651928147143
0.0547958477532436,-0.526789992715305,-0.848227397956475,0.210771324475611,0.836464237395388,-0.505868588012094,0.975998393363329,-0.151062513991928,0.156866991488453
0.0117288255355469,-0.553224192829734,-0.832949834695611,0.197403417016039,0.81789428625574,-0.540445027232747,0.980252174494884,-0.158088358135892,0.118801285430544
0.0221363838321347,-0.582206235069774,-0.812739737158652,0.187378583151834,0.800948964595289,-0.568656330915032,0.982038312433302,-0.139702025610274,0.12682309313977
0.0579594888527775,-0.593819617254591,-0.802507918849114,0.185490113737147,0.79626737304468,-0.57580525208642,0.980935326796678,-0.11548390705261,0.156298918275717
0.095619821609345,-0.591258994657452,-0.800793138676935,0.171789174849673,0.802210429042562,-0.57179271326226,0.980482192148264,-0.0828928752789294,0.178279112932857
0.077684911368774,-0.598636339937417,-0.797244998135428,0.16914745871607,0.795982577349297,-0.581206395152588,0.982524397537039,-0.0897009981143118,0.163093651567972
0.0405703045534211,-0.612016573478137,-0.789803623805642,0.169405579396202,0.783223771233813,-0.598215909052676,0.984711023629714,-0.109527338881046,0.135454649162577
0.00978022679739135,-0.62188859021244,-0.783044652958805,0.180126424807783,0.771368034256994,-0.61036532241967,0.983594844562413,-0.135077522519794,0.119562722703011
0.0326521813767324,-0.641459316027442,-0.766461858759422,0.195703000040632,0.756129355906584,-0.6244747656322,0.980119467629552,-0.129608421863323,0.150224785423916
0.0503487812096916,-0.661478210930196,-0.748272394716847,0.215744760767447,0.738736463121794,-0.638531625102233,0.975150859319775,-0.129286559699329,0.179904938923354
0.0588434141939732,-0.687381591434492,-0.723908834289914,0.241700780672672,0.713399232553636,-0.657755477068875,0.968565013423579,-0.136264752408198,0.208119513796557
0.0588610738764312,-0.714626621278625,-0.697025226331163,0.263754785393987,0.684556671566914,-0.679570141041379,0.962792182749676,-0.143843510709118,0.228779931949878
0.0495109753786991,-0.73852553984358,-0.67240515339771,0.279414709975271,0.656591057235234,-0.700582331641437,0.958893155240189,-0.153193376349848,0.238863363193372
0.017870428498829,-0.764823872350911,-0.643991531052564,0.286713666886934,0.620964083535534,-0.729519622888324,0.957849633818125,-0.171604345052893,0.230382351219556
-0.0423623588049687,-0.792060698095157,-0.608970673423188,0.292660844867257,0.572944344577116,-0.765561498443256,0.955277478242873,-0.210652862667735,0.207533879190424
-0.136795061627123,-0.806692918387695,-0.574920556718556,0.319942221684096,0.513292538590949,-0.796346497832887,0.937509512430821,-0.292877628455986,0.187879240076495
-0.217915425631475,-0.808266527178026,-0.54700830735504,0.344911085135412,0.460531495737011,-0.817891853966614,0.912989162379579,-0.366900480345562,0.178423168057374
-0.297626886720668,-0.796901489019827,-0.525705481328609,0.369555435159571,0.411560147427343,-0.833094847777613,0.880253950087691,-0.442228743805246,0.172007911176933
-0.476086414680415,-0.73087721523987,-0.489040102650039,0.40883904784689,0.308400089127577,-0.858917934369606,0.778583559235871,-0.608857849805121,0.151986052051786
-0.674835337852312,-0.585874873205434,-0.448718062632063,0.43865656946048,0.170508606628555,-0.882330566814248,0.593445600586034,-0.792260972162649,0.141932628852481
-0.795318251333371,-0.429024273000559,-0.428260495811102,0.449874539603794,0.0557905002893315,-0.891347473600358,0.406302569167737,-0.901568407417767,0.148635894163854
-0.82395372252553,-0.354939135191165,-0.441722167709602,0.467021225914065,0.0161219279536471,-0.884099122262193,0.320922790842354,-0.934750391146644,0.15248038749016
-0.806542108029729,-0.350179317161195,-0.476302712366285,0.493863899149102,0.0437418539979007,-0.868438310604773,0.324943498307331,-0.935660780433457,0.137661275842002
-0.808201313855516,-0.306122853494395,-0.503089887446236,0.50848996904576,0.0681821120147431,-0.858364229788877,0.297066638419833,-0.94954725957672,0.100555527785805
-0.809316340452376,-0.272870269353107,-0.520143131435894,0.517123353124309,0.08894183744933,-0.851277150641675,0.278550711236296,-0.957930668500753,0.0691255062582101
-0.800438201110598,-0.263769393946701,-0.53826052522902,0.531341959607406,0.103405886395734,-0.840822778366092,0.277442621389345,-0.959027074422669,0.0573817249732499
-0.735637296417126,-0.35278269331857,-0.578257848554603,0.564672526346448,0.152138820471174,-0.811171200977426,0.374142628030572,-0.923254109441456,0.0872877041159959
-0.704589704478349,-0.388433566073303,-0.5938625372009,0.579801865394676,0.167370748436845,-0.797381232192321,0.409124852860306,-0.906149213604066,0.107286800011771
-0.695450510264573,-0.396012634157901,-0.599602019142752,0.586605492832445,0.169056665825264,-0.79203146371773,0.415021184461166,-0.902548523530655,0.114732641916263
-0.698878319571908,-0.389931420986154,-0.599602019142752,0.588057793135635,0.163933499973609,-0.79203146371773,0.407132811702512,-0.906134258547883,0.114732641916263
-0.746518216648217,-0.334023295003543,-0.575446774782291,0.573945153592556,0.114245847762259,-0.81088522426833,0.336596959106855,-0.935615479063947,0.106424444823355
-0.73209712684477,-0.362162346188736,-0.576950805414728,0.570153771510089,0.137708262878296,-0.809914261615304,0.372771342378212,-0.921886581602158,0.105672403982466
-0.694819626579324,-0.404899279982796,-0.594375520685015,0.573079080634207,0.187619274877131,-0.797733899890203,0.434518185879051,-0.894905347377024,0.101677752612781
-0.653185157734885,-0.45488191830317,-0.605335931624484,0.564394188989993,0.240465645263333,-0.789705940766826,0.504785448630586,-0.857472281679657,0.0996641209357793
-0.642148367362886,-0.508023565505282,-0.57407101580247,0.54902317786661,0.217850526541997,-0.80691678520813,0.534994415352561,-0.833338589636095,0.139024352416747
-0.60257387638944,-0.576371929900536,-0.551996487231337,0.533427664559397,0.22358370999016,-0.815760535518692,0.593598896710322,-0.786006185121827,0.172727029658132
-0.512804368872801,-0.668872804951148,-0.538182915059325,0.513119799280596,0.263793340319006,-0.816774843631697,0.688287549539587,-0.694998017551219,0.207937502025646
-0.296141180996307,-0.788875954750572,-0.538493388013711,0.454018823143948,0.379753184354372,-0.806011431186741,0.840337616169297,-0.483179311424948,0.245703976080601
-0.151891080248756,-0.820279224377952,-0.551426417389275,0.417618306725316,0.452392979008504,-0.787994633504373,0.895837066451677,-0.349975122826918,0.273849162448122
-0.0993424046716204,-0.808667539820501,-0.57981712347491,0.397234570979428,0.502023900063923,-0.768229587677667,0.912324384335336,-0.306641180869868,0.271358441810611
-0.145585592906666,-0.766160892349975,-0.625941149127859,0.398119525333766,0.533826963454283,-0.746009126376612,0.90570728090594,-0.357807574154979,0.22730609580761
-0.169508893680624,-0.708265238738096,-0.685293430990287,0.386968758889713,0.591677627665559,-0.707228933629989,0.906378461023058,-0.385068742584131,0.173781900318042
-0.150064910459014,-0.657171397214298,-0.738651661700111,0.369384259100436,0.655741577459205,-0.658451404979999,0.917080035644518,-0.371656747920337,0.144344968556334
-0.107573006533815,-0.624391269467928,-0.773668915543015,0.355684378010684,0.70250901899171,-0.616416824457653,0.928394674427007,-0.341491758096055,0.146515213025942
-0.0774208587015733,-0.599263056333668,-0.796799723865127,0.343115948427704,0.73436452361509,-0.585645107885432,0.936096926911134,-0.318735840107781,0.148761579913359
-0.0431647543411887,-0.569036380472929,-0.8211786661141,0.324548473619125,0.769380130710618,-0.550202238035441,0.94488363953143,-0.290261627098692,0.151469784379125
0.03598763584827,-0.517053587039084,-0.855196163576561,0.305784593628392,0.820403439302299,-0.483150058553735,0.951420344729695,-0.244118382984516,0.187631401219128
0.0610214730776743,-0.497244198042544,-0.865462065798645,0.283255354554202,0.840057568207558,-0.462676654061534,0.957101240172535,-0.216913553311523,0.192108631898635
