0.773335063194294,0.633345546092872,0.0287454218719918,-0.112984317116073,0.093059662638963,0.989229216751778,0.623848879232857,-0.768253420710799,0.143524414111552
0.763907337476626,0.644774205571199,0.0266796472877899,-0.111810109722207,0.0915249051191132,0.989505781239729,0.635565951820329,-0.758873781055168,0.142008821253307
0.752855913304274,0.657581719254368,0.0281825532068472,-0.113432140902948,0.0874508469789467,0.989689597183298,0.648337198695988,-0.748290472921535,0.140428789505231
0.734472121375675,0.677139598915413,0.0450851028898669,-0.110589413283033,0.0538768801202919,0.992404788107261,0.669567535497078,-0.733879585060912,0.114455537389818
0.725493198528086,0.685833795972957,0.0573726693714948,-0.106395925032883,0.0294057525334116,0.993888931850205,0.679955532388614,-0.727163878379054,0.0943035946019468
0.717777539619472,0.693354305152331,0.0636805397633023,-0.100959031096419,0.0131483839363627,0.99480369623355,0.688914129378901,-0.720476875081074,0.0794379935265248
0.707252642706687,0.703851162852135,0.0662362433725229,-0.0990345486213389,0.00587193471664565,0.995066670410607,0.699989898186949,-0.710323208782017,0.0738585235558145
0.697193723853841,0.712581381733314,0.0784135563908122,-0.0959290082451523,-0.0156629980863068,0.995264937525707,0.710435455756479,-0.701414602712254,0.0574370812811293
0.689510363607636,0.718253405394862,0.0932067814933508,-0.0866903144912827,-0.0459215585992603,0.995176366193057,0.719069014664843,-0.694264543307879,0.0306022230309101
0.678631354430769,0.725658978976702,0.11348361561895,-0.0845032991977985,-0.0763426653999856,0.993494333081127,0.729601725058369,-0.683806144802835,0.00951205139479
0.661193455139418,0.738646313623531,0.131243431268643,-0.0980106653263749,-0.0883931914107617,0.991252012958613,0.743785670985318,-0.668272599380365,0.0139502169994349
0.63808426881467,0.760240794703821,0.121993442280109,-0.117666582264363,-0.0602983206105786,0.991220806858778,0.760922493628275,-0.646836955190136,0.0509795261931881
0.615482145158705,0.784766483340683,0.0729609184148308,-0.117837578919415,9.47225555359768e-05,0.993032877613852,0.779292008162056,-0.619791543708636,0.092533282455646
0.610929326544632,0.791639534883575,0.00849733940950522,-0.108125913661797,0.0728013814087422,0.99146797510549,0.784266628617159,-0.606635644909114,0.130073246915648
0.611763233277733,0.788835407809861,-0.0590291944297452,-0.0870765123372934,0.141322844212973,0.986126530777227,0.786233697706189,-0.598135898512208,0.155145156231983
0.612591944343285,0.781416736123348,-0.118823374098058,-0.0666531587033439,0.200869707274161,0.977347797426515,0.787583942294776,-0.590795434313711,0.175135058265023
0.614115238723436,0.770134153501132,-0.172498867181067,-0.0464188101268192,0.253438091573339,0.9662372523382,0.787850092107672,-0.585373828720381,0.191388905151721
0.61758011798326,0.755260255436223,-0.21949201450211,-0.0201517917738399,0.294174833066341,0.955539152980502,0.786249771484918,-0.585698825463055,0.196896375515424
0.62057005691226,0.747141197218761,-0.238060571877056,0.000683838145372049,0.303074456743383,0.95296663427168,0.784150710532934,-0.59154535336542,0.187568009219257
0.607252304841044,0.762951186530662,-0.221698275222644,-0.0125193224085691,0.288192022407366,0.95749079618928,0.794410413345439,-0.57866298066509,0.184556901729852
0.588873130728073,0.784029742233331,-0.196279900142766,-0.0355486311853212,0.267743224240404,0.9628342851676,0.807443329731175,-0.560009758099704,0.185537974834651
0.565579307233019,0.811016159830597,-0.149575518462917,-0.0660294727605491,0.225320993951368,0.972044524912173,0.822046322269483,-0.539891876377484,0.180987861097969
0.562007051960856,0.816628354326784,-0.131400930193803,-0.0760355101615773,0.209197895586841,0.974912735416102,0.823630180809771,-0.537916695587305,0.179663446108822
0.563218877970474,0.817739823249824,-0.118684779854146,-0.0781184982587175,0.195683521091545,0.977550745385127,0.822606829370802,-0.541303557206639,0.174093260145117
0.570178152753001,0.814793791353661,-0.104918786185799,-0.0736747654961496,0.177913596955241,0.981284250840466,0.818210793776434,-0.55177697450145,0.161472187567281
0.575994634185869,0.813068102113406,-0.0845602904133589,-0.0754990297195574,0.1559141998824,0.984881037885508,0.813959506302674,-0.56090197325445,0.15119159533113
0.577048915433435,0.814299180057687,-0.0627008337621993,-0.0867342325928697,0.137439833252242,0.986705358824063,0.812090956786013,-0.563938948462486,0.149937121198865
0.573510377199823,0.817568322297818,-0.0516515790586164,-0.106668965862682,0.137043579733912,0.98480494971111,0.812223847819001,-0.559286237653714,0.165805082567606
0.577155967957999,0.814070158799715,-0.0646588370006195,-0.119069275493461,0.162219129169529,0.979544517500324,0.807906861144234,-0.557651083279937,0.190556482526272
0.609948657100326,0.785078330494158,-0.107771288801864,-0.0872955089292818,0.201739255927334,0.975541268598445,0.787618010092638,-0.585622137223646,0.191584400647135
0.660833294062474,0.733410695842491,-0.159399211674249,-0.0241389683250981,0.233040700077985,0.972167342752966,0.750144431204244,-0.638592814969755,0.17170483103939
0.750760932912901,0.614106083151901,-0.243375718278508,0.101231144289843,0.257119980176123,0.96106273011703,0.652771228714562,-0.746165554304177,0.130868974674752
0.782623070932767,0.560999071317683,-0.269779856224408,0.147567519933841,0.253832194386277,0.955925229373942,0.60475197883458,-0.787939882905888,0.115869689832653
0.809051652154438,0.513475298221237,-0.285969477851722,0.185262130036266,0.23895536848153,0.953193723777219,0.557775373533648,-0.824162271637369,0.0981997081916815
0.827053197745676,0.484321378719942,-0.285334558393244,0.204232084017761,0.214016185666483,0.955241502516789,0.523710095335592,-0.848310010778833,0.0780888062144683
0.842614521933876,0.458837137688645,-0.281902906164226,0.219634238691083,0.185151055103409,0.957851704591417,0.491692554977939,-0.869015286328029,0.0552346223620703
0.855263966347993,0.439267614851636,-0.274895453598736,0.230157959795773,0.153278828431728,0.961006198885962,0.464274553911096,-0.885183350101634,0.0299929207230854
0.863409244063173,0.440142789183208,-0.246574131644595,0.220772436451741,0.109835342653565,0.969121111527004,0.453634223322516,-0.891184898118342,-0.00233854578270793
0.86932302498715,0.448455068880188,-0.207763157039106,0.196542722078326,0.0720278922612766,0.9778460723112,0.453484770003616,-0.890898441985428,-0.0255250747835136
0.874889862135793,0.450101954553257,-0.178818230724247,0.174633700442889,0.0512037902597383,0.98330119624287,0.451741961524093,-0.891507937356911,-0.0338052928990397
0.877344365027585,0.452133414085126,-0.160755220823686,0.141537684906178,0.0762750532063462,0.986989969558844,0.458512757625939,-0.888683009923166,0.00292557142443209
0.880854957162292,0.449133829402876,-0.149577229980119,0.0878966673701578,0.155303598755727,0.983948661302377,0.465154512294396,-0.879863395931112,0.0973225780214158
0.902194699380891,0.368804937789238,-0.223668599207173,0.167180296503072,0.179025885913345,0.969536219351339,0.397612214186344,-0.912103420690449,0.0998592864715859
0.908396380099817,0.334362742260007,-0.251033012191459,0.184523337141266,0.218166248595262,0.958308210349948,0.375189491686268,-0.916845158444019,0.136483701466372
0.907262172691677,0.345806559130598,-0.239359924935303,0.136286092617014,0.296685715685186,0.945200342291282,0.397871148692594,-0.890165945074639,0.222043102273883
0.900382211360243,0.371462339893334,-0.226555961093521,0.0811174148710999,0.368259149757596,0.926177717084816,0.427471447550207,-0.852291574908952,0.30144192287827
0.905890448531023,0.345267108570839,-0.245261327973643,0.0949831799187145,0.398727887713563,0.912137197515818,0.412723504046949,-0.849592075821458,0.328409217149268
0.913104276126361,0.309194528051176,-0.265780595121172,0.130119889609397,0.396791258463092,0.908639373753589,0.386405739149656,-0.864265839328668,0.32207943697436
0.915318411012131,0.297007151916666,-0.271990731776981,0.15025332583974,0.374757308489742,0.914866601099647,0.373652438151183,-0.878261755653675,0.298395951748346
0.914293651023976,0.30563920736697,-0.265804053049118,0.152059477806672,0.349233721736702,0.924615445907699,0.37542647070553,-0.885788057337658,0.272826836237874
0.909376120019883,0.329283340423496,-0.254180160628493,0.143124506347916,0.326057574060682,0.934452692264476,0.390577070525457,-0.886148373646991,0.249380456055693
0.906145337126525,0.338187329893145,-0.254027474702247,0.139181280942106,0.328728393714851,0.934112527590209,0.399411065243779,-0.881797580550888,0.250806355372886
0.903165090400558,0.341786676943464,-0.259758901571622,0.140749005628353,0.335885027689051,0.931327528632626,0.405564467004176,-0.877703318689333,0.255253496480164
0.899438313662021,0.347523098229993,-0.265025312212716,0.139846760764604,0.345667676129658,0.927877546437443,0.414069563504091,-0.871631547086123,0.262306772127185
0.893462746832567,0.362142521893802,-0.265663535056661,0.131268530988208,0.355118971589352,0.92555879812658,0.429526358672669,-0.861825568113246,0.269747654951214
0.884845348543919,0.387318170705712,-0.258907983270836,0.116314959524456,0.354475472763411,0.927802764276966,0.451131399207609,-0.85107683193137,0.26860507589889
0.871779680611512,0.428152655759017,-0.238087151773026,0.0890878328253028,0.33933807854487,0.93643634406828,0.481729744270978,-0.837576845319865,0.257684849513202
0.851745667831871,0.483957443840896,-0.200784735178315,0.0489966456555357,0.307961372753185,0.950136370005106,0.521659511601338,-0.819112315523921,0.23859247371385
0.828145686543644,0.539796522604292,-0.150978263480117,0.00861158658036705,0.257072364229722,0.966353786211815,0.56044675254276,-0.801581882114145,0.208244865076233
0.770335260291534,0.635264301177032,-0.05498049110032,-0.0616383024753374,0.160009528541748,0.985189154651941,0.634652902317112,-0.755537039744515,0.162417594966067
0.758805502065228,0.649418512119377,-0.0496971443062057,-0.0564754721210017,0.141619047517924,0.988308942805247,0.648864185391864,-0.747127593853132,0.144137529529898
0.750123639582643,0.659839351666821,-0.0438925430021825,-0.0436693022786891,0.11565424892971,0.992329122188298,0.659854163719364,-0.742452776071592,0.115569710243663
0.739181784599239,0.67267390451649,-0.03346800709968,-0.0347242517667208,0.0876893785737567,0.995542464802275,0.67261022565519,-0.734724704272212,0.0881764893618815
0.723742001409807,0.689914085643009,-0.0146993138172004,-0.0340194603217225,0.0569465837086333,0.997797455861326,0.689231595122238,-0.721647864983529,0.0646851393286672
0.703458723535177,0.710449050439034,0.020198292317262,-0.0418299387078474,0.0130153372397225,0.999039967781187,0.709504108874612,-0.703628273825613,0.0388737927559483
0.681652556170211,0.729405897152063,0.0575919253577403,-0.0515819579677159,-0.0306101991510384,0.998199537828059,0.729855529730942,-0.683395970801502,0.0167586638321172
0.669664851161152,0.737920770634946,0.0837969175139456,-0.0443638135500459,-0.0728837662023144,0.996353254961042,0.74133719667005,-0.670940305012073,-0.0160707169627821
0.653796102676729,0.750424357680925,0.0970254581225515,-0.0453357049616814,-0.0891477929177538,0.994986102854467,0.75531141258447,-0.654916753806974,-0.0242634622959778
0.630879889809671,0.770947747053902,0.0873506493750981,-0.05677753274532,-0.0664076192887769,0.9961758579065,0.773800281990833,-0.633426869822326,0.00187727941385744
0.593287052034469,0.804708825326823,0.0213115069709758,-0.0726710517924213,0.0271744585186007,0.996985690486882,0.801704055197198,-0.593047430856374,0.0746012911082776
0.576096103239869,0.816573414101762,-0.0363474787850589,-0.0800257682549635,0.10060141898493,0.991703196986589,0.813455073281272,-0.568407612440589,0.123303000257692
0.56688678652204,0.8152133988724,-0.118602215685982,-0.0765337635637694,0.195465032723604,0.977719798315001,0.820232865899361,-0.545179360652318,0.173197893801426
0.573843630008809,0.793422504633457,-0.202938950030507,-0.0509348454374444,0.281896224358024,0.958091937244519,0.817379428306448,-0.539458291097526,0.202177205311481
0.593942367818751,0.759385062305053,-0.26564410563347,-0.00392115718823116,0.332923232931544,0.942945780785255,0.804498034948601,-0.559013817469979,0.200714881464928
0.605581978932663,0.745751791272283,-0.277713400119944,0.0248964020358591,0.331055768974462,0.943282697283479,0.795393384406526,-0.578149066974001,0.181914871298153
0.611332220563539,0.742678579031832,-0.273315649658249,0.0413667982051729,0.314906998211946,0.948220633862918,0.790292163764202,-0.590984019009313,0.161790559577793
0.614223832837384,0.745059890178056,-0.260028543091748,0.0440709305770043,0.296610883280788,0.953980994044152,0.787900270499148,-0.597417562486453,0.14934999089426
0.617500899062836,0.756147536430692,-0.216641507579653,0.0321874112015984,0.250903277006825,0.967476881453699,0.785911324652297,-0.604390973407968,0.130594567445356
0.618975078965093,0.762434559212851,-0.188582593412176,0.0153606836792653,0.228309596253916,0.973467399379804,0.785260403316672,-0.605448817965878,0.129606434279548
0.612494485587479,0.775946137025918,-0.150857872050104,-0.0195970161387645,0.20569149548352,0.978420648619095,0.790231903989827,-0.596320887710895,0.141191135686006
0.601238835406248,0.792135839698627,-0.105036537758485,-0.0635696407975326,0.178448238873434,0.981893643329991,0.796536730834311,-0.583675455632598,0.157645802113053
0.604002329567728,0.793332367121964,-0.0761901644139112,-0.0851534979095041,0.159290033833528,0.983552523719547,0.792420385698483,-0.58758015657268,0.163766577577636
0.627617472302449,0.774305786635619,-0.0809126519357749,-0.0768070967822446,0.165007995223173,0.983297020943475,0.77472380778221,-0.610919724918933,0.163034080364837
0.667406279994242,0.736158825415256,-0.112423490372242,-0.0420372780964137,0.187968023004764,0.98127513449487,0.743506371643507,-0.650183209634723,0.156397152258592
0.722247708741117,0.668804978099616,-0.176233221860632,0.0213679691462564,0.233108015850825,0.972216057695334,0.691304315849953,-0.705946566119039,0.154070726200551
0.783181062451029,0.564759091275876,-0.260143407064879,0.118040145861721,0.275727730351957,0.953960556144698,0.610486647997334,-0.777831207612683,0.149280491293319
0.82481309241264,0.465124859740797,-0.321468859200703,0.201860810916669,0.288847049139849,0.935852336225789,0.528143517995593,-0.836795224086697,0.144354346470525
0.856127704864085,0.416874584814711,-0.305386531300445,0.224880957457949,0.23152213697121,0.946480879397508,0.465267565962803,-0.878984118529935,0.104465359977373
0.867788148779103,0.409839567086704,-0.281025369119444,0.220907652181584,0.188411509900359,0.95692262599684,0.445133168890117,-0.892486768634275,0.0729645788488676
0.877478049748735,0.405463498044672,-0.256186697473803,0.211819659585643,0.151616897898649,0.965476435799763,0.430307685292952,-0.901449759013207,0.0471553597468329
0.886608015181422,0.399347842154048,-0.233339941679441,0.200223518126172,0.123388339759717,0.971949515355874,0.416937369643497,-0.90845837470863,0.0294382610987146
0.894133049267549,0.396556028555265,-0.208012995805526,0.184738641461909,0.0964907571689752,0.978039451214401,0.407918772010216,-0.912925435069827,0.0130163529548007
0.900921205483877,0.393984522550625,-0.181981255903001,0.166259010474001,0.0740032586559895,0.983301306388078,0.400872701671845,-0.916133021836267,0.00116762813675063
0.907262246276991,0.387825205475188,-0.162686282392085,0.149450293621635,0.06427723352127,0.986677782757501,0.393115537999754,-0.919489014207881,0.000355716436840285
0.913382596410729,0.374001719402367,-0.160794733925175,0.138597916813073,0.0857016405091622,0.986633592712672,0.382783032577296,-0.923459767774488,0.0264425277312419
0.920989976603713,0.339718083767078,-0.190706807841557,0.146386673174722,0.151876171969752,0.977499140820416,0.361037954947024,-0.928183845986041,0.0901462319691292
0.928931659981491,0.290200698540954,-0.229933741870075,0.167694246162078,0.223904701249008,0.960075686892823,0.330097880768969,-0.930403267043348,0.159327178431367
0.937305621270905,0.252202016934542,-0.24052508182747,0.156473540159939,0.31214294460387,0.937060730883458,0.311406813611678,-0.915948101580092,0.253110394192036
0.93657183878654,0.275897104395298,-0.21613416800286,0.115977660128071,0.337968375319664,0.933984239500327,0.330730060839979,-0.899810071665169,0.284533762120961
0.932990958775987,0.308131038107711,-0.185965411291802,0.0687845569012176,0.354524099691849,0.932513456991151,0.353265559564144,-0.882818172724343,0.30957312275694
0.937544370457442,0.289529953060785,-0.192828835250794,0.079212754510387,0.362069489558349,0.928779319458521,0.338726870718039,-0.886046325544876,0.316521746554622
0.944598428436774,0.252607471807968,-0.209578801842083,0.116170093804687,0.339887690137073,0.933263557307739,0.30698260260182,-0.905906078619672,0.291711944252788
0.949038516339735,0.221136596593424,-0.224554002749342,0.15386795088531,0.29670966357037,0.942490333761739,0.275046447339409,-0.929011292283918,0.247563063914904
0.949924266299359,0.217798158419115,-0.224071083553559,0.163070626966595,0.266165369444124,0.950033666103152,0.266555545649205,-0.93899944531289,0.217320461037933
0.948523378375337,0.234347581074047,-0.21303664454779,0.145052627857374,0.276509234934239,0.950001251655887,0.281537094939741,-0.931999921803015,0.228282741204994
0.9404335783984,0.28234509648577,-0.189383027516254,0.0942261220663944,0.318762947028059,0.943139237611455,0.326659031011098,-0.904804636422929,0.273171095408101
0.935120840577659,0.300185215728337,-0.188249434993748,0.0797712384768467,0.339288252359491,0.937293994071611,0.345232621617951,-0.891500038176653,0.293329369313443
0.925052953524081,0.33481663850807,-0.179373497915748,0.049154871317369,0.362743682800503,0.93059165008832,0.376644171337016,-0.869663635646843,0.319099246366029
0.907674481202646,0.388788136142844,-0.15802158513343,0.00555359375401249,0.365373002720615,0.930844630687279,0.419638170058354,-0.84578150492754,0.32948057932537
0.890492639764799,0.435223176959634,-0.132678727616307,-0.0240496793852191,0.336218364314936,0.941476937805094,0.454361608684303,-0.835187402763327,0.309866956643106
0.873836119284555,0.475342231618893,-0.102275116588933,-0.046161368446482,0.290502190225156,0.955760223872879,0.484024343082926,-0.830456645655845,0.275793754441947
0.85307811642244,0.517365853072545,-0.0677517627494691,-0.071763139447707,0.244946938880072,0.966876956468553,0.51682470828875,-0.819959493638436,0.246086671102781
0.829006664856843,0.558514511523339,-0.0284515384606921,-0.0973318884065081,0.194195426597204,0.976122246333907,0.550703598246968,-0.806442605959392,0.215350575042805
0.808708528450792,0.588206632066251,-0.0018638680835502,-0.110516788753987,0.155057137974472,0.981704295277693,0.577733983260861,-0.79370664729259,0.190402737976886
0.79644469217632,0.604693680851163,0.0046265151939072,-0.106095878545611,0.132199058395665,0.985528829367733,0.595331434463025,-0.785410059330775,0.169444745690818
0.762222000056148,0.646700544377673,0.0282139776002567,-0.102959702532034,0.0780898263100972,0.991615489331109,0.639075052153439,-0.758736044305581,0.126105879270549
0.740070625105747,0.670663798659534,0.0500553595846985,-0.108937765442812,0.0461001745565412,0.992979021513639,0.663647521743219,-0.740327524190085,0.107178000590901
0.722955372807612,0.68567988538318,0.084726759111368,-0.106538438579209,-0.0105257380353904,0.994252870221612,0.682631005766446,-0.727827111077706,0.065441625488444
0.709642450964094,0.69287522263954,0.127794826350214,-0.0996988637516042,-0.080804690949503,0.991731182572775,0.69747238537186,-0.716515546078913,0.0117364334840005
0.684365383593029,0.710220275408262,0.165018732689897,-0.11109864038206,-0.122106505889396,0.98627941949771,0.720625501800224,-0.693308850093878,-0.00466095877257069
0.649352313097078,0.74004741625813,0.175132507448332,-0.136675127091354,-0.112974954295123,0.984152716470659,0.748105262052097,-0.662998100594324,0.0277855267771329
0.636040080401151,0.761426425858088,0.125231042989649,-0.128117434933714,-0.0558349496285997,0.99018603366538,0.760946081525691,-0.645842284466533,0.062038734720715
0.63750475760547,0.768541841132698,0.0541398416949467,-0.0978592730911591,0.0110717484464041,0.995138673279463,0.764206285436374,-0.639703724246391,0.0822672382229805
0.622748358332563,0.778265988050206,-0.0805390218362134,-0.0656541418645526,0.154550578896052,0.985801020601482,0.779662757767823,-0.608618246856871,0.147342504874668
0.619745379172659,0.767067424442592,-0.165901269896122,-0.0424724655846359,0.243864288983621,0.968878887284512,0.783652827890833,-0.593411977396413,0.183713011028558
0.626274236489864,0.743304400420207,-0.235115182463818,-0.00648919388589985,0.306543050355914,0.951834675057178,0.779575827659984,-0.594583826381485,0.196803461183493
0.615855923005427,0.752709522512991,-0.232701217911293,-0.00306072957056526,0.297642593117336,0.954672466711429,0.787852850495338,-0.587228457655667,0.185608794203607
0.605683588887007,0.765532930751928,-0.217040830461275,-0.00389064886965117,0.275611209805137,0.961261319247332,0.795696080802418,-0.581375776038281,0.169911606523976
0.588609837890752,0.785786724967579,-0.189941258295685,-0.0159723761320301,0.246212579108484,0.969084232195244,0.808259452118513,-0.567378699594437,0.157474027406447
0.571414168568073,0.804631509689697,-0.161412457927316,-0.0353125926297669,0.220610876752776,0.974722453758061,0.81990174335796,-0.551270328126637,0.154473805435508
0.552406674253822,0.82274212678667,-0.133948717987067,-0.0612530818588608,0.200322143360472,0.977813427419699,0.831321193163403,-0.531945891693896,0.161054779833953
0.543996509351373,0.830790710153394,-0.117705538256877,-0.0763791542823389,0.188724105679024,0.979055379805845,0.835603986709396,-0.523612459609654,0.166120346546989
0.536086932980496,0.838200549757672,-0.100153076205886,-0.092398652579913,0.176192534708385,0.980009530420215,0.839090751521539,-0.516116294161472,0.171903116935229
0.525522828051935,0.84742304606977,-0.0754979349792273,-0.118775996087792,0.160948648630974,0.979789668886754,0.842447636325041,-0.505934495259707,0.185235705404374
0.51609382746928,0.854860124844856,-0.0534913843375393,-0.161258754813755,0.158309330595051,0.974132316393653,0.841215058854765,-0.49411772159758,0.219556147623312
0.528370415980295,0.846036531796244,-0.0710414694596973,-0.165165369609022,0.18450423812302,0.968854264993739,0.832793554369104,-0.500180340458147,0.237222517524049
0.571559834373675,0.811975320253532,-0.118386802600251,-0.128372523178264,0.230981158009628,0.964452279761615,0.81045656948635,-0.536044572721061,0.236254873034848
0.6523332344485,0.731005456680171,-0.200230800672058,-0.0315543082468202,0.290144451267747,0.956462504769321,0.757275165884253,-0.617614134959971,0.212337239862968
0.73818721736322,0.604770420139255,-0.298885213829885,0.105965081891119,0.333606119166471,0.936738148403541,0.666221459832506,-0.723159523327513,0.182179225707457
0.800220784865771,0.462393282013273,-0.381888921308019,0.243161254754416,0.331926879854408,0.911425888713051,0.548196406094629,-0.822202529295009,0.153178657670781
0.816488148360451,0.444572267068044,-0.368378342117043,0.257222265833493,0.291124566274731,0.921457103109436,0.516898258409143,-0.84711391575474,0.12334587219792
0.828118732750165,0.44438968929102,-0.341668214090939,0.251000560379706,0.251033896427758,0.934869349980719,0.501216603034391,-0.859941734593762,0.0963438111480814
0.851658594162894,0.436667899061215,-0.289825438700518,0.233802942947096,0.178372780776364,0.955782054104064,0.469056310966776,-0.881762041033505,0.0498184718218866
0.863883959351728,0.425946599376468,-0.268838239940683,0.229824493344382,0.141604619994179,0.962875295069565,0.448202194365199,-0.893598134552623,0.0244369983896093
0.874832563559332,0.41897564001529,-0.243161260915438,0.219513958457294,0.10460036045066,0.969985766202784,0.431835162739924,-0.901952425390259,-0.000463199754652962
0.883856760115249,0.417459881222465,-0.211008234835278,0.198784416237908,0.073118169255817,0.977311868947488,0.423417032557181,-0.905748850893228,-0.0183585306075493
0.887962755635875,0.429829060597308,-0.163612723434269,0.153012117140544,0.0593836647349745,0.986438478756183,0.433715847775605,-0.900955359065409,-0.0130385719927003
0.894744058390267,0.412233761147358,-0.171745148827026,0.136483688020795,0.113757233112663,0.984089170156238,0.425212032848974,-0.903948349235095,0.0455204243783966
0.903218889253866,0.38050830473099,-0.19851717337742,0.132412804487789,0.192921750080593,0.97223867828508,0.408243171777178,-0.90443055475619,0.123866397060381
0.917563825001898,0.320300433146711,-0.235550970224953,0.13477947747294,0.306787669729572,0.942186721491032,0.37404694825651,-0.896263888722473,0.238327342686615
0.916819811651867,0.337197145285339,-0.213867992401979,0.102487560328044,0.31894452771085,0.942215839508819,0.385924517154119,-0.885760957287417,0.25785614905338
0.910052184262783,0.373691880730447,-0.179330421832659,0.0542116719394648,0.321623727557418,0.945314377600171,0.410933226381204,-0.870007216147207,0.272435914129766
0.90911800713332,0.378773346210555,-0.173306668384111,0.0417267254392526,0.331157042825425,0.942652583601847,0.414443397208905,-0.864213957991642,0.285255859400579
0.910850252982751,0.373460351250869,-0.175724735552043,0.046890320752139,0.329365485658678,0.943037472572848,0.410064768617129,-0.867205709679313,0.282490960277633
0.912867992394271,0.368816380353653,-0.175061435058904,0.054402493483607,0.315085981845728,0.947502608306214,0.404613886520001,-0.874468582412852,0.26756737695025
0.912970634103595,0.370967187955012,-0.169905758363956,0.0578541475093297,0.294509210897356,0.953895813132957,0.403902858222678,-0.880708618191833,0.247416270609238
0.914262945636064,0.367074831697917,-0.171404008619442,0.068640565988449,0.276618156481527,0.958525361274049,0.39926399654571,-0.888109488429612,0.227705506353359
0.91832831439124,0.349374034674107,-0.186040024948612,0.0969560431527294,0.25714402552189,0.961496997309177,0.383761166200425,-0.901007621518228,0.20226871553099
0.922446306829315,0.326420658874463,-0.206258004637199,0.133618199813987,0.231317306081735,0.963658902613139,0.362269219911694,-0.916483419035528,0.169762053879901
0.924337380154676,0.297486284159655,-0.238960913928766,0.174858166816537,0.226388867125173,0.958213286455234,0.339153400611508,-0.927496626181822,0.157241786033447
0.911434528507952,0.336174211482008,-0.237221415091339,0.143552163445712,0.280504422685285,0.949057450960715,0.385590296316625,-0.899057377695353,0.207402880881659
0.89472509788483,0.391826048184393,-0.214334661637317,0.0954285792893757,0.301101677888724,0.948805125316788,0.436303088998683,-0.86937341087521,0.232011825115468
0.873037084462404,0.452890946751584,-0.180820462071745,0.0519299007406116,0.282346672042424,0.957905862909106,0.484880948854929,-0.845677330390866,0.222980533456449
0.851427317512543,0.50644592094524,-0.136323336781792,0.0189933682838887,0.229980118470964,0.973009967610463,0.524128586278813,-0.831036505976728,0.186192241458563
0.82283642745333,0.561806296822719,-0.0855213336319297,-0.0221952655628507,0.182148712080447,0.983020455979441,0.567844682851249,-0.806966871400417,0.162348035466362
0.798704069369141,0.600615510376787,-0.0365077836633017,-0.0491262720438592,0.125557520890993,0.990869274093602,0.599715281586393,-0.789617830119445,0.129789303832068
0.77218649632256,0.635393526850236,-0.00175525892886835,-0.0748278961616957,0.0936800355099514,0.992786400442144,0.63097448510467,-0.766484909821239,0.119883619244765
0.762529699976252,0.646937211188108,0.0045498828865835,-0.0714987270106047,0.0772799978519955,0.994442423656523,0.642990193307791,-0.758617193788903,0.105183480631988
0.760489626838749,0.649339266586913,0.00374757775501492,-0.0323714996530467,0.0321473150914964,0.998958775997599,0.648542684393921,-0.759819101497704,0.0454677855008276
0.752323695572825,0.658643956203412,0.0140426506175042,-0.024041441958776,0.00614690232933498,0.999692064918141,0.658354817821052,-0.752429634283812,0.0204592107212935
0.745053041712111,0.666022414921512,0.0361954121077408,-0.0150996313078078,-0.0374100317575559,0.999185913961094,0.666834286888354,-0.74499304181047,-0.0178157650434631
0.729561368218667,0.681086614463341,0.0621388252364909,-0.0212865765555934,-0.068200090328901,0.997444549505221,0.683584004831483,-0.729019733119752,-0.0352581488532258
0.705998384698818,0.704820715882845,0.0692390010402601,-0.0413035416085462,-0.0566222078638132,0.997540948045351,0.707007990232961,-0.707122113951346,-0.0108635955249004
0.687448581763034,0.72404999917933,0.0562676294187446,-0.0514498142103939,-0.0287283347868114,0.998262289880817,0.724408285464563,-0.689148954485741,0.0175029849312052
0.672136749896494,0.740169372076401,0.0195317710053194,-0.0554303248935633,0.0239953847244635,0.998174183494103,0.738349286260082,-0.671992203936884,0.0571560086716765
0.653119555662339,0.756587611107521,-0.0317810120991005,-0.0665354406839997,0.0991415403359261,0.992846408117996,0.754326110607617,-0.646332841265577,0.115091168892973
0.646462076262136,0.756350791335385,-0.100101270727127,-0.0597612177353696,0.180999811861876,0.98166576030783,0.760601985804425,-0.628627511768537,0.162209958504598
0.668945286250939,0.718572314939841,-0.190173689569949,-0.0048321238143544,0.260045049661744,0.965584394408828,0.743295940108711,-0.645004186303019,0.177428140579471
0.714590759125857,0.647777184727132,-0.264092343544684,0.0993462228652683,0.279721360130102,0.954927373515583,0.692452435171064,-0.708618853569363,0.135532082518149
0.700568886183084,0.668142869545757,-0.250576019577601,0.101961963891373,0.253820319351056,0.961862258020317,0.706262694492359,-0.699399993823055,0.109693459279501
0.684408671196037,0.693192212515087,-0.225985236907443,0.0791593336414151,0.2374714869173,0.968163773748395,0.724788638631375,-0.680508522657671,0.107654911179904
0.667130809616957,0.717368053458173,-0.200797307595137,0.0559754261898575,0.2205127330867,0.973776610013558,0.742834594322779,-0.660876093094815,0.106955855627669
0.652692820387596,0.736547669883919,-0.177453126777343,0.0344461173198921,0.205131530543507,0.978128069415484,0.756839181871598,-0.644529739550821,0.108516669772351
0.637567527735516,0.755400143940204,-0.151255644894135,0.0112084349537644,0.187219136103655,0.982254226797975,0.770312935476945,-0.627948738044532,0.110897988372968
0.618548835102565,0.776859555868868,-0.117841287537455,-0.0201986300690612,0.165644902929539,0.985978590780143,0.785486698764908,-0.607495676189295,0.118150960532354
0.596167815958619,0.798662077453943,-0.081992812197664,-0.0549356247919965,0.142466030977585,0.98827400408298,0.800978159717132,-0.584672828216299,0.128808662758806
0.590717346981917,0.803798991588511,-0.0704286667198672,-0.0685789775714755,0.136984678550169,0.988196398332719,0.803958916742576,-0.578914828764819,0.13604293890645
0.628328426888204,0.769861152959796,-0.111880262457726,-0.0327358827392298,0.169852223556436,0.984925674421282,0.777259126640195,-0.615194300458277,0.131925064859459
0.676333074827927,0.718863973921123,-0.160649179556366,0.0307658354633235,0.190337656581412,0.981236485183536,0.735953147463917,-0.668585195383078,0.10661520178908
0.726399860698004,0.649231680898772,-0.225480524425671,0.103917842229428,0.220553558414722,0.969823287994769,0.679370535454917,-0.727910950864155,0.0927433187229179
0.739583918118592,0.634367998335195,-0.224928590331575,0.109548890972144,0.216274674281354,0.97016715351081,0.664089352833732,-0.742160702242238,0.0904589603089864
0.747162779138961,0.631073445091998,-0.208552363614178,0.0967024299308672,0.207224294962837,0.973502301806534,0.657568567918821,-0.747532205645263,0.0938039445243053
0.758460466760078,0.62114809078603,-0.197263198987939,0.0870887373662711,0.203368463494659,0.975221420950017,0.645874037398961,-0.756846297056867,0.100151936802413
0.785599748048545,0.58192025509874,-0.210242366263033,0.115618729515083,0.195743725012047,0.97381553874629,0.607836610654031,-0.78933719716242,0.0864953404779382
0.841321268743502,0.480086124494363,-0.248386464663046,0.195583150831418,0.158010243601957,0.967873955651099,0.503910462156402,-0.86287315173485,0.0390406217226165
0.853794954362042,0.47048703834531,-0.222881409397412,0.193246287816167,0.111119875660655,0.974837548250185,0.483414985443344,-0.875382385007957,0.00395371554255108
0.865003843941681,0.464425141014813,-0.189941144461877,0.183736555442793,0.0590776794076299,0.981198606801817,0.466914583366309,-0.883639698174081,-0.0342294558923411
0.873795449398138,0.460099415478843,-0.157448532819881,0.164933651384699,0.0241844623454995,0.986008114785051,0.457469565383334,-0.887537965191961,-0.0547536034512532
0.88339497865965,0.446795743738748,-0.141374944936702,0.148923251549668,0.0183891871023747,0.988677754855235,0.444336783112529,-0.89444698063924,-0.050293359388256
0.894319459091868,0.414526611745272,-0.168405443037372,0.150356060726488,0.0760653662565564,0.9857013315701,0.421409254872791,-0.906852660695904,0.00570014879787105
0.905567204304417,0.372536134248003,-0.202891269323832,0.157150301976855,0.14964073551119,0.976171825481689,0.394020076997182,-0.9158736151649,0.0769655765125607
0.910954870831258,0.359128302322346,-0.202948480604993,0.136898293601094,0.200906926369086,0.969997558835091,0.389127332010891,-0.911407301599015,0.133853091387869
0.913486156636361,0.358761334833346,-0.191920155956389,0.112648930083051,0.230249905013474,0.966589468074441,0.39096452548137,-0.904585698466365,0.169916020272502
0.91138560117631,0.370846831969336,-0.178462638069719,0.0751472716825627,0.276387870558159,0.958103664833296,0.404634617311919,-0.886612864911531,0.22402779793187
0.919292133695384,0.347940061584135,-0.183955664415686,0.0653928664417675,0.32586870521233,0.943150762063928,0.388105328415261,-0.879060464648518,0.276815739342283
0.927764756485687,0.317546172383467,-0.196002512809562,0.0925112966586441,0.313125817968578,0.945195155569497,0.361516550953881,-0.89505119994675,0.261130490100816
0.933471609973192,0.299434769486622,-0.197407122963054,0.111307785992586,0.281365660462352,0.953123256399723,0.340941828104862,-0.911686450450525,0.229317434822206
0.93558494152933,0.29500504065367,-0.194043405382629,0.121509189981192,0.246995690621904,0.961368111372706,0.331536323701756,-0.92301958527603,0.195239625238295
0.937047675420733,0.285524372789274,-0.201041007090324,0.133072242663152,0.240303654425592,0.961533115343567,0.322852028367795,-0.927755348253513,0.18718061215255
0.938214358733822,0.270587009944463,-0.215723172410844,0.148361322790672,0.248668914409087,0.957158653989195,0.312638345321692,-0.930024967974474,0.193160099344024
0.93748556395593,0.263166270413937,-0.227737417853658,0.153264366163166,0.275312987774801,0.949058898502677,0.312459359659517,-0.924633047689153,0.217767939977935
0.934838077191257,0.27179288728352,-0.228487189696582,0.145630680066193,0.29339109350562,0.9448351026899,0.323835567004015,-0.916542575483357,0.234691782705581
0.91691672313257,0.351546202100294,-0.188888831402729,0.0784518506682884,0.305295721561903,0.949020457905264,0.391291489770158,-0.884991406842381,0.252351302450757
0.899565719970565,0.40841330734,-0.154855047839719,0.0359147747143287,0.284170588959918,0.958100832547072,0.435306379933786,-0.867436249391145,0.240962048528738
0.881435806447651,0.457453714332721,-0.117503269551002,-0.000182900865822974,0.249118039591418,0.96847311211897,0.47230380652632,-0.853625387153713,0.219665228808345
0.86298351406153,0.499131632720806,-0.0782755879918928,-0.0268137254639875,0.199958944381299,0.97943731023923,0.504520047753066,-0.843139391666277,0.185944851060375
0.846302650564611,0.531202881883808,-0.0399414812651125,-0.0466841998231699,0.148648774893935,0.987787490915634,0.530652814120669,-0.834102535663853,0.150600633680427
0.83344899878853,0.552538033699714,-0.00803042549629237,-0.0546600966146845,0.0968928440270939,0.993792760395453,0.549886388498998,-0.827836637321395,0.110957026149469
0.821839110376849,0.569407320914625,0.0188621192822547,-0.0571648184924021,0.0494762637828872,0.997138046034157,0.56684447618524,-0.820565294300774,0.0732115947604278
0.814087557369254,0.579780549523736,0.0334060373363366,-0.0519990294589521,0.0154798700003517,0.998527152640377,0.578409500157016,-0.81462561217944,0.0427499954313921
0.805021998706378,0.591704614223006,0.0427227235319903,-0.0446748125996359,-0.0113453721544483,0.998937157007319,0.591560430317964,-0.806075016383637,0.0173010185869109
0.797264960705186,0.601495263344,0.0507151910820657,-0.0354255572525618,-0.0372481511232425,0.998677928629268,0.602589090778371,-0.798007533431002,-0.00838834085287515
0.780093128923261,0.622249105856162,0.0652745009013782,-0.0239392040135779,-0.0745669371502341,0.996928626530119,0.625205266067004,-0.779259791177012,-0.0432730070233932
0.769313125975056,0.635291307142945,0.067544572476969,-0.0211722350603318,-0.0803145046194473,0.996544688817457,0.638520986863422,-0.768084979293529,-0.0483364657233092
0.753687630589175,0.655450353274911,0.0483713746824476,-0.0306833293732658,-0.038427333647385,0.998790204861524,0.656516175577911,-0.754260017779378,-0.00885080696919982
0.738320436886902,0.673525777868731,0.035298144731063,-0.0374028938932093,-0.0113668143589159,0.999235617389484,0.673412173934766,-0.73907633034596,0.0167994618604783
0.723272004914125,0.690405859923203,0.0147429810827072,-0.0428963594849662,0.0236099369131654,0.99880051723149,0.689229649137672,-0.723036872823689,0.0466923043648741
0.718559989887737,0.693787996295944,-0.0482675577193853,-0.0307996952808933,0.101080954188656,0.994401337223012,0.694782642056593,-0.71305038874961,0.0940011882951
0.721027235130515,0.682195622315216,-0.12136251107323,-0.00794280036470542,0.183275727724893,0.983029460163467,0.692861196865874,-0.707827055516293,0.137565334865738
0.732991670779795,0.653041771970848,-0.190419680255533,0.0330678425864202,0.24539241480311,0.968859680523335,0.679433387724009,-0.716462843990024,0.158275913605331
0.743029094662905,0.630185735339193,-0.225330209824217,0.072556598993853,0.2588503481232,0.963188474401009,0.665314440266307,-0.732026253799342,0.146609206128507
0.742993615320564,0.628387648357545,-0.230411481885239,0.0879627977842063,0.249592643566083,0.964347478082288,0.663493054823374,-0.736771657753858,0.130171004958013
0.729436786866533,0.649548311354068,-0.214497005067452,0.0718819522330983,0.239048291904144,0.968343378704512,0.680260949128337,-0.721763746218103,0.127679817262649
0.700593396687922,0.692850834667278,-0.17066520857555,0.0306443951916695,0.209739127459059,0.977277043348532,0.712902387119455,-0.689903775401736,0.125709852938481
0.687823502310712,0.711211621199441,-0.145178715863895,0.0101521657142951,0.190559174612671,0.981623214121512,0.725806973788717,-0.676657395468195,0.123850740643176
0.673977892607284,0.728541230067738,-0.122398841367195,-0.0124730245975168,0.176881871135494,0.984153050760397,0.738646210261742,-0.661770715395441,0.128301583431274
0.661661545857293,0.742041356418078,-0.107604015254805,-0.0345775459916345,0.173554137191144,0.984217127862056,0.749004934594515,-0.647497943494076,0.140492067833062
0.655132724546744,0.748632494887398,-0.1017374111457,-0.0493901349646096,0.176809695597721,0.983005059046401,0.753897690536413,-0.638973958108866,0.152808877564597
0.66015885799798,0.742983597173369,-0.110298035060125,-0.0483850870439144,0.188602896289638,0.980860760181032,0.749565984792904,-0.642187139268984,0.160457198651113
0.674973861601338,0.726610708898951,-0.128246496514886,-0.0343728522048543,0.204589821024527,0.978244096411757,0.737040564138964,-0.655880997473258,0.163068464048699
0.698721917172578,0.699874052958584,-0.148202538635485,-0.00576107990059874,0.212660343791118,0.977109199699308,0.715370178593611,-0.681873806634314,0.15262247345976
0.751691203341179,0.628478018976181,-0.199939276989954,0.0630996923663539,0.233236064637071,0.970370736871163,0.656489728512764,-0.742035253755768,0.135664728433188
