-0.995621248094852,-0.0926366678622636,0.012521106557606,0.0177372003502101,-0.0556997370554578,0.998290003463768,-0.091780837138189,0.994140828584829,0.0570989568633588
-0.996302470102759,-0.085664338314752,-0.00655814060814843,-0.0025459872994451,-0.0468612872309396,0.998898161830189,-0.0858772729877445,0.99522140295522,0.0464699159030153
-0.996515111210391,-0.0783086699003082,-0.0287295204935122,-0.0258031192697392,-0.0381293393030437,0.998939614050952,-0.0793210701219681,0.996199731832306,0.0359758548466591
-0.996059041804306,-0.0726345110970201,-0.0508980651654429,-0.0489606862573444,-0.0282098493211026,0.998402251400953,-0.0739542861577252,0.996959594065365,0.0245424399749445
-0.995080830828362,-0.0725547864214743,-0.067453265934813,-0.0663395373613449,-0.0176547325242876,0.997640905437512,-0.0735744921873138,0.997208159506745,0.0127546349437688
-0.994386927548793,-0.0710663419497512,-0.0783850327674462,-0.0782310702278989,-0.00495150140309088,0.996922957045756,-0.0712357913627001,0.997459301262832,-0.000635887720937804
-0.990807373396647,-0.0645203219205403,-0.118902804349215,-0.120029345237901,0.0138605559264449,0.992673582438442,-0.0623995601314509,0.997820130609059,-0.0214774730059593
-0.987590266316704,-0.0581276591843662,-0.145899421226567,-0.148024700292379,0.0340859279138005,0.98839609348763,-0.0524800341068139,0.997727079293732,-0.0422672599555056
-0.985280848146225,-0.0560669992659011,-0.16148728082909,-0.16414685227924,0.0465798539162204,0.985335540867151,-0.0477227530961182,0.997339866245435,-0.055097459419341
-0.981538949849326,-0.0629159899694876,-0.180618017193307,-0.183450276828565,0.0425531769164304,0.982107541497286,-0.0541043977898797,0.997111230174688,-0.0533095563601513
-0.98230924170963,-0.0663063227062524,-0.175134306236745,-0.177219520858122,0.0269481601474276,0.983802336900806,-0.0605127678979337,0.997435345390288,-0.0382222014997554
-0.984488222692804,-0.0610363137741548,-0.164491664773709,-0.163518539984097,-0.0206440972600517,0.986324240972403,-0.0635973777811029,0.997922035857101,0.0103433017062847
-0.987149951682202,-0.0619190252709227,-0.147312617257739,-0.143104835549863,-0.0676591615631375,0.987392142919327,-0.0711054072210623,0.995785254041288,0.0579288261391064
-0.989565687005307,-0.068378331775654,-0.126823321377789,-0.117941773296095,-0.121176485978968,0.98559930872417,-0.0827616409545382,0.990273024468186,0.111847430892017
-0.99008312872266,-0.0655656063635308,-0.124243911242889,-0.111282610594157,-0.173742894196446,0.978483309666339,-0.0857413482404938,0.98260600343089,0.164723596438025
-0.995204797427513,-0.055751699629097,-0.080368894267183,-0.0665166564936425,-0.21666964864475,0.973976281931479,-0.071714333198946,0.974651738491564,0.211922257135023
-0.999171580486433,-0.0405582961653747,-0.00334325595864962,0.00786858384630489,-0.273139784118722,0.961942172752516,-0.0399279117472597,0.961118974395855,0.273232646145667
-0.998253256917056,-0.0458527505957541,0.0372553394467523,0.050429005072628,-0.332790972127511,0.941651254083916,-0.0307790594702637,0.941885180971243,0.334521980391268
-0.992871096001296,-0.0633770411607393,0.100947200946306,0.117763737065017,-0.390830822150672,0.912898116270108,-0.0184035039507579,0.918278072868311,0.395508143951038
-0.984183311152962,-0.0746681092748526,0.160648322447853,0.177150426826946,-0.419769735274844,0.890174755664481,0.000967637856612275,0.904554057425319,0.426357855412999
-0.972382172187361,-0.0858802444375372,0.217019572452668,0.232468662306853,-0.439112708086892,0.867835439839753,0.020766132462555,0.89431795979503,0.446949834467587
-0.962366855495318,-0.10060453023928,0.252445566289818,0.270559814736361,-0.441686109807716,0.85540093935695,0.0254444904425104,0.891511137843078,0.45228361567479
-0.952739777584562,-0.116031135183886,0.280755573187886,0.302763468201235,-0.438493890368165,0.846201743340529,0.0249238546553158,0.891212591797115,0.452900560489155
-0.943304095745875,-0.131755612131692,0.304660206822059,0.331248417822847,-0.432444785773996,0.838609559298451,0.0212572020481707,0.891982043501261,0.451570775662462
-0.934846027760616,-0.144747565323022,0.324208338438811,0.354612698268922,-0.426124172248077,0.83226679860026,0.0176844170565896,0.893009704403568,0.44968981446595
-0.928018627908514,-0.151968429899355,0.340127950290362,0.372091488296284,-0.422596446799608,0.826414041198359,0.018148018962245,0.893486339831937,0.448723533973286
-0.922222765617146,-0.157694587505155,0.353040490098573,0.386106468038663,-0.424374723136894,0.819040835185397,0.0206631535872564,0.891649320884653,0.452254931039747
-0.916208480275821,-0.160881615168115,0.3669865482161,0.399799561672226,-0.42845814871582,0.810298664250231,0.0268762191791358,0.889123568858633,0.456877388522046
-0.91158472520537,-0.161907793245623,0.377887754840748,0.40950575153579,-0.438786177229739,0.799857318608275,0.0363087900012732,0.883884923029262,0.466292949346437
-0.906514652080281,-0.166286081837132,0.388046549464134,0.419733493296546,-0.453690709085021,0.786122468254794,0.0453318890941538,0.875507669570739,0.481073113314359
-0.905775098329056,-0.173122871976418,0.386781517714619,0.42099369479713,-0.471730276809184,0.774748252584407,0.0483299098700693,0.864580254886825,0.500165175388874
-0.893473587312607,-0.164638812596544,0.417850463876183,0.439701952338341,-0.510161001147238,0.739187355153144,0.0914720825421177,0.844174042656637,0.52820738713138
-0.867317777610975,-0.165180298190526,0.469548018555768,0.474377876297567,-0.559999693926423,0.679239260704005,0.150749803049188,0.811859477922136,0.564055569060912
-0.889705180151691,-0.177737153403529,0.42051658315845,0.444035918957079,-0.550956864296191,0.706596515955783,0.106098044690696,0.815387047962451,0.569110856448805
-0.890504442536937,-0.148462931282252,0.430070454527001,0.436564038638209,-0.544998212882357,0.715813375205391,0.128115877196683,0.825188285175038,0.550136906615077
-0.904012889918361,-0.150641621306654,0.400084737013993,0.413149003917135,-0.548343378249711,0.727067699799664,0.109857159182879,0.82257318304197,0.557946917830424
-0.916427369775717,-0.155660819793316,0.368687652501726,0.392739949789469,-0.526866386154479,0.753768626953845,0.0769168886872449,0.835572570350291,0.543968999036601
-0.926875018527984,-0.162432323410524,0.338405733314623,0.373132603799977,-0.496978681086398,0.783443840059435,0.0409238318122596,0.85242473618325,0.521245920015417
-0.9402731872902,-0.140525214359996,0.310062892639874,0.339325732471206,-0.459893482754705,0.820582739157135,0.0272833382489805,0.876784265739768,0.480109332137137
-0.95055831575619,-0.117872031990104,0.287306582627824,0.310036947084563,-0.413162833513033,0.856255548563608,0.017775820353464,0.902996487854746,0.42928005210207
-0.960665348045879,-0.104386796763186,0.257343128381956,0.277705014921086,-0.356360781047806,0.892124945519784,-0.00141906714786213,0.928498998595324,0.371332190707877
-0.971207963818747,-0.110187064633524,0.211220031726374,0.234693476504045,-0.290255608613199,0.927723371353243,-0.0409153162212928,0.950584290032204,0.307758743892814
-0.97954710423365,-0.117032893801514,0.163678869607269,0.186466820097496,-0.222287798087484,0.956983939167292,-0.0756147842038719,0.967931524742253,0.239564120477046
-0.984493425777141,-0.12131422501689,0.126710510259172,0.145499488158526,-0.161205510240772,0.97613661052827,-0.0979928239576527,0.979436390112479,0.176356922677395
-0.985136837127434,-0.130069798563341,0.112192957159742,0.127505556511518,-0.116075036935021,0.985022293584882,-0.11509884966082,0.984686972241547,0.130934416806777
-0.986939200150252,-0.133551940924204,0.0900827080085777,0.101841600247365,-0.0839905839745648,0.991248641997893,-0.124817080825649,0.987476309021634,0.0964947431478721
-0.989347359118148,-0.13586035693191,0.0522854321994138,0.0602872275120301,-0.0554636411389983,0.996638969090873,-0.132503785624631,0.98917427581086,0.0630634511361644
-0.990379116774964,-0.138165666321944,0.00771062292267076,0.010889844162489,-0.0222690691270635,0.999692702711354,-0.137951499992421,0.990158743439671,0.0235594235883142
-0.990157773359658,-0.138273255068136,-0.0216354058964782,-0.0236225576089034,0.01274612784767,0.999639690587016,-0.137947666263179,0.990312093815759,-0.0158870455022241
-0.989579134106183,-0.138178436794996,-0.0404951471975179,-0.04678045642406,0.0425454070600191,0.997998736088806,-0.136179022754659,0.989493106566685,-0.0485660974198818
-0.987442170278588,-0.136315627389465,-0.0798499222600076,-0.0895014567851183,0.0661986759938357,0.993784294769245,-0.130182370499444,0.988451205182168,-0.0775678115268566
-0.985898175328456,-0.13052505618085,-0.104728208201071,-0.116674496951957,0.0874979461767565,0.989308430761538,-0.119966035380973,0.987576487733399,-0.101493010750178
-0.983783014781622,-0.127713372201806,-0.125937581317194,-0.140302166150599,0.110514443058949,0.983921673736696,-0.111742033275898,0.985634745956236,-0.126640694735756
-0.982082311820082,-0.126630841862181,-0.139567054491375,-0.156038194386914,0.131129640508235,0.979008222270198,-0.105671257693825,0.983244449396719,-0.148539348416333
-0.981995937867549,-0.125675302832857,-0.14103083446361,-0.159009029430661,0.146880215492952,0.976290085403034,-0.101980912778577,0.981138074153997,-0.164219282894046
-0.981477073340604,-0.116544001637634,-0.152053445173237,-0.169461093431375,0.157915821790249,0.972802925078535,-0.0893627009428773,0.980550910922323,-0.174740432555251
-0.981896525831787,-0.108778869369791,-0.155068920606606,-0.171375472031491,0.161464018160699,0.971884673418295,-0.0806824649192859,0.980865193804955,-0.177182988564131
-0.982851164288223,-0.103426395884486,-0.15266489279343,-0.167734498389234,0.157494554411883,0.973170387640682,-0.0766076165103444,0.982088817757818,-0.172141880806664
-0.980755335286657,-0.10857840567779,-0.162264297142737,-0.176252930673746,0.134862554545565,0.975062559946981,-0.0839873605709373,0.98489736582139,-0.151404432109544
-0.977622788014411,-0.12194994103156,-0.171411482221374,-0.183498203069469,0.0958986114729006,0.978331163659753,-0.102869304582102,0.987892538791527,-0.116130262958567
-0.983852474976363,-0.119056932777423,-0.133640391500916,-0.139170747057765,0.0393786703827533,0.989485130500843,-0.112542483739562,0.992106227717838,-0.0553120445943903
-0.988145956491858,-0.11491468321706,-0.101794814454929,-0.100748568776693,-0.0148913805587534,0.99480046877477,-0.115833046054391,0.993263742601217,0.00313736762016781
-0.988896746990573,-0.114827419117498,-0.0943286150130312,-0.0870526593441287,-0.0668202582580553,0.993960204227233,-0.12043694737321,0.991135569387529,0.0560823038246599
-0.989587068819013,-0.110472899804068,-0.0922668501417236,-0.078956978181455,-0.119329183858298,0.989710231065723,-0.120346287116173,0.986689558214028,0.109364010939426
-0.995098994214814,-0.0931054634748787,-0.033307122118166,-0.0152505165134159,-0.188298322455666,0.981993464085406,-0.0977006318236501,0.977688659252786,0.185955564879757
-0.994329481706784,-0.0962104718511003,0.0453037185549668,0.0682383605480129,-0.250505869466261,0.965707168614105,-0.0815622949556864,0.963322559929509,0.255650616217564
-0.988489532644323,-0.114956194512482,0.0983540400584381,0.130228501072861,-0.31566171452507,0.939892663814017,-0.0769998789669449,0.941882559200616,0.326998873564993
-0.979552616137031,-0.130451112310526,0.153163897560899,0.190936157073608,-0.362859465383769,0.912072580611526,-0.063403912663663,0.922667608447567,0.380347772677305
-0.968157824710189,-0.144233396435013,0.204614647093643,0.245522549683783,-0.387482433047917,0.888580914535103,-0.0488784620176418,0.910524075152375,0.410556700735359
-0.954935822883782,-0.155419078451768,0.25286851173382,0.295007363199149,-0.403176709495172,0.866267393233135,-0.0326837854533266,0.90182783887716,0.430857655374246
-0.943883766733809,-0.16743874467304,0.284688780387837,0.329255112387817,-0.409252308500242,0.850942782420598,-0.0259712506992476,0.896926315128249,0.441416673187112
-0.935268195484317,-0.181891071199938,0.303626482266038,0.352378733229491,-0.398036632203988,0.846992365840027,-0.033205886271694,0.899156536784028,0.436365547993268
-0.926532897455895,-0.195539834437415,0.321404671839368,0.373801013240085,-0.381884646259596,0.845243704177599,-0.0425393045625963,0.903287490281678,0.426921676034327
-0.917900997387733,-0.207992350180154,0.337930379310798,0.393369896562468,-0.365071402604123,0.84379084818401,-0.0521333240167618,0.907448099489549,0.416917333844215
-0.909823477533031,-0.216374161867134,0.354123512077351,0.41095042518943,-0.350896621150211,0.841422194443427,-0.0578012782413129,0.911072874879755,0.40817303792878
-0.900633572735547,-0.220089220844403,0.374726436923935,0.431137332957149,-0.344196397514014,0.834056017344741,-0.0545872493555092,0.912737407366696,0.404883510903223
-0.891544222653337,-0.221987776603805,0.394804161695335,0.450648526564886,-0.347302698829938,0.822372628976876,-0.0454401205803213,0.911099479982258,0.409674179095663
-0.890020336548965,-0.223170070005806,0.39756624653367,0.454400682423493,-0.363056892818683,0.813455415121141,-0.037199735783086,0.904646236067142,0.424536650040042
-0.890518706660776,-0.230711135962287,0.392108154506138,0.453413904208947,-0.379387646563451,0.806523927174541,-0.0373130614827816,0.896011933725236,0.442459433241902
-0.879347100959857,-0.227454431447656,0.418345739369147,0.476066386255206,-0.400626813910614,0.782853084463323,-0.0104628825571077,0.887559934647038,0.460573436596101
-0.859467353005896,-0.216598567784696,0.46303447987235,0.50896230979729,-0.447063900627306,0.735589040131584,0.0476784681260487,0.867881863613658,0.494477334655125
-0.847554074878857,-0.232942037842159,0.476854377312599,0.525048117638057,-0.498933043896611,0.689485526949475,0.0773082422577126,0.834747761131472,0.545178512934083
-0.854150853376918,-0.215623115229228,0.473215587078792,0.512694582897826,-0.501428334964903,0.696931768225232,0.0870091049414186,0.837899932613178,0.538844243343218
-0.86639264704199,-0.200539402371647,0.457326720461418,0.490576004147979,-0.512863620410822,0.704489950966872,0.0932682438227241,0.834718428546733,0.542721088348977
-0.889700555149084,-0.198299530445308,0.411230128264676,0.452751784140625,-0.499094066934567,0.738864625156864,0.0587260089303864,0.843553441446293,0.533824734626659
-0.902250702173701,-0.197534980979744,0.383306146202217,0.430581002041608,-0.460775124836821,0.776071056677451,0.0233167559473376,0.865255000344374,0.500789489976725
-0.914123578312766,-0.188286220510017,0.359063201593699,0.405393744653922,-0.411743249546652,0.816163836645703,-0.00583055470215954,0.891636582705542,0.452714268621001
-0.927652292842959,-0.173478451663092,0.330705987837803,0.372040642445593,-0.352577873419752,0.858646960946975,-0.0323571313912696,0.919561890240881,0.391610707290731
-0.942539334526822,-0.162042579835813,0.292167426640769,0.327870555487921,-0.280610253015739,0.902085796776828,-0.0641911342303385,0.946044443048315,0.317615191802321
-0.955268959333372,-0.155422867182026,0.251604744969276,0.279143880905942,-0.192883403454211,0.940677780339628,-0.0976724581799056,0.968834209258136,0.227640870417103
-0.966723338710187,-0.153793879147068,0.204434412782989,0.223150297259038,-0.116163616254342,0.967837775193713,-0.125099685156404,0.981250965347607,0.146617228790335
-0.970004150613694,-0.167577579693114,0.176095719926422,0.190651679679444,-0.0750268411624805,0.978786447669044,-0.150810758328486,0.982999861591739,0.104725294380148
-0.970533032895433,-0.179295169457854,0.160993398212078,0.169125401442259,-0.0309307347188503,0.985109074284034,-0.171645654316642,0.983308970699867,0.0603426672875872
-0.968280005077454,-0.184774328917684,0.168203088973496,0.16848139966771,0.0143091127907424,0.985600967560985,-0.184520594333574,0.982676801732981,0.0172758097530393
-0.964139482287102,-0.189040440468394,0.186276060090057,0.180862966433741,0.0456488664015953,0.982448354046683,-0.1942257605673,0.980907688247862,-0.00982145958037248
-0.96498956035317,-0.194127831384301,0.176378948549491,0.166489977996264,0.0662606894292313,0.983814315947458,-0.202672730371402,0.978735871478302,-0.0316205351853772
-0.970963203041248,-0.194649663687401,0.139075399572539,0.12237155514542,0.0954151754798901,0.987887213592439,-0.205561817542002,0.976221006081371,-0.0688250423487367
-0.975113827679324,-0.193588494887222,0.108057936848147,0.0863274135792148,0.117390899032217,0.989326515610054,-0.204207249463141,0.974034327665975,-0.0977574948277153
-0.979577063931426,-0.187771492853974,0.0719071782986666,0.0464966693418184,0.136387424708227,0.989563808009153,-0.195619108370332,0.972697453915064,-0.124871244037803
-0.983732556145577,-0.176889669895378,0.0313097854287364,0.00429247748708986,0.151096316537452,0.988509725680955,-0.179587952313935,0.972563595767967,-0.147879070765845
-0.985835685143449,-0.16749647761695,-0.00854001660784971,-0.0359489309435285,0.161299769756071,0.986250505014145,-0.163815982925248,0.972587946800984,-0.165036388338093
-0.986149936020398,-0.164040409735673,-0.0244754501637501,-0.0539572114355256,0.177764128353588,0.982592761017905,-0.156834062056263,0.970304415451379,-0.184153246874691
-0.986540275656502,-0.157294498913769,-0.0446847302672714,-0.0743347742148586,0.188005398589465,0.979350964385925,-0.145645548679039,0.969490799705022,-0.197167348811355
-0.986843189636529,-0.141945631670371,-0.0774077303484711,-0.104607017755347,0.195495214622244,0.975109733771607,-0.123279726250243,0.970377791743763,-0.20777163036893
-0.986564739264088,-0.124981332972082,-0.105212554618274,-0.128980200412876,0.200593747712243,0.971146876780341,-0.100270250534422,0.971669601658547,-0.214018835784342
-0.985939707705417,-0.113185356940296,-0.122930743689507,-0.143205068761233,0.193212761191413,0.970649853033461,-0.0861115616560744,0.974606537987042,-0.206704850117418
-0.981085895804706,-0.135527763315311,-0.1382124828799,-0.157677005254107,0.145339130857649,0.976736657987013,-0.112287252469609,0.980055489455721,-0.163959783241299
-0.97848323576063,-0.15352943512628,-0.137837839090769,-0.153592202336739,0.0959327357142188,0.983466494396091,-0.137767894361341,0.983476294970139,-0.117449497721579
-0.979737186645345,-0.165523562698816,-0.112769655917515,-0.121589958568541,0.0441261353234615,0.991599095479981,-0.159156925955373,0.985218165876425,-0.0633580188100061
-0.980859867461204,-0.171400234745746,-0.0923898259176435,-0.0916003710855942,-0.0125262260866634,0.995717061055502,-0.17182343385281,0.985121846874349,-0.00341385264771459
-0.981161190555454,-0.172919708028848,-0.086148086009044,-0.0752806310265206,-0.0684623624290387,0.994809394569072,-0.177920051540158,0.982553652227629,0.0541551082917813
-0.987332047368668,-0.153712696518814,-0.039342536365997,-0.0197313697276961,-0.127083908810421,0.99169569585137,-0.157436022839323,0.979909223882692,0.122441053826552
-0.988997073732765,-0.140451263920646,0.0464567606610851,0.0732286214119172,-0.191930862624585,0.978672628092914,-0.128539321431764,0.971306329864721,0.200104113927191
-0.98088067292023,-0.144849616546003,0.129968050220171,0.163751569671183,-0.253437722687282,0.953391181073806,-0.105159540326975,0.956445455478544,0.272311516048549
-0.967293357249074,-0.171069357399211,0.187293448846552,0.233956987859156,-0.316357609797903,0.919337800025011,-0.098018818875182,0.933087958170064,0.346033486044827
-0.95205808571143,-0.193075689494312,0.237291338986031,0.293398036077672,-0.356659038112032,0.886967825210567,-0.0866198236967263,0.914065702594346,0.396208149188595
-0.935276534680778,-0.207467019784493,0.286731999220973,0.346787998459432,-0.37541560211323,0.859535461638705,-0.0706815944925988,0.903338564100804,0.423064475946967
-0.919076605081905,-0.218852131059505,0.327722350049297,0.389873386923766,-0.383793190305823,0.837079165457766,-0.0574189529660026,0.897110100158053,0.438059963971482
-0.907157112468408,-0.235326597491729,0.348837162313515,0.416280279545798,-0.380812962033963,0.82564654472007,-0.0614548790516448,0.89420516687161,0.44341900881769
-0.896253906140071,-0.252030032221982,0.364979175552319,0.437721844018111,-0.369728875739759,0.819573148482548,-0.0716137067749442,0.894304993445972,0.441689999546686
-0.887384521860385,-0.264106434107863,0.377884243949709,0.453994845943198,-0.35794671406593,0.815942908386619,-0.0802333485505025,0.895612606740343,0.437539333578298
-0.878565498112439,-0.275604747539498,0.39008292536348,0.469791242538856,-0.351367260163267,0.809837784324216,-0.0861327693751835,0.894753078574781,0.438175848741932
-0.868110866033432,-0.281395457115838,0.408901113949635,0.489877388826231,-0.352892867429673,0.797174239444587,-0.0800229229126059,0.892347029373568,0.444199404520866
-0.859376008488943,-0.284289262991274,0.425032341100638,0.506239193431279,-0.355853105867769,0.78555104613151,-0.07207464927184,0.890251752029807,0.449729988926912
-0.855294233101025,-0.287554886187182,0.431026637522561,0.513476007702458,-0.358994654871288,0.779400556381498,-0.0693841793067646,0.887938638197325,0.454698592980235
-0.850151099831832,-0.29936507260531,0.433155469501129,0.521530493163177,-0.365564148747394,0.770953174876118,-0.0724503426886254,0.881330475165026,0.466912777068362
-0.839198574927867,-0.297845415780753,0.455009736310584,0.541969226763149,-0.388984865479483,0.744956462935695,-0.0448899663710137,0.871767677036892,0.487858594464534
-0.828435954076789,-0.291273359925598,0.478386558956804,0.560056353603597,-0.439266330058706,0.702411540384266,0.00554533868412852,0.849826406435107,0.527033517097793
-0.818816198625792,-0.318764450695275,0.477419373131156,0.573879999702929,-0.475116228357288,0.667027972046533,0.0142048867989793,0.820154738158894,0.571965406879247
-0.822685142860851,-0.286417970644342,0.491074232482216,0.566652852989818,-0.482663174048488,0.667787993764442,0.0457569657486235,0.827647875916694,0.559379382508922
-0.839652105884829,-0.281970482520302,0.464194989277609,0.541987557310408,-0.490279156367727,0.682550977255212,0.0351258993317969,0.82469327378039,0.564488419170415
-0.855700995335732,-0.292273668172413,0.427026825239912,0.517243883301984,-0.45867429755064,0.722548720816188,-0.0153157359640353,0.839162672942183,0.543664820061415
-0.86451674639359,-0.297975595022532,0.404748489776068,0.499161647411168,-0.41493970869185,0.760698815500911,-0.0587234617406709,0.859671787906112,0.507460315807553
-0.871345561474624,-0.288111849617854,0.39717562187054,0.483582138281236,-0.367160745735736,0.794569885111514,-0.0830977017360817,0.884411979170656,0.45924963044691
-0.879980174703622,-0.270089821339897,0.390751046751207,0.464935226802756,-0.321214047980811,0.825019254476918,-0.0973145775639507,0.907674514233139,0.408236266401193
-0.894335057223217,-0.243345609249107,0.375430046587543,0.434271658167255,-0.270396090046378,0.859240409548045,-0.10757756426972,0.931487449699035,0.347502803900892
-0.908372456304269,-0.237159924020972,0.344404777937407,0.391621339088919,-0.193734448812827,0.899499688778929,-0.146602208025491,0.951957002065512,0.26885992416218
-0.921683019190258,-0.237632235091913,0.306645288536364,0.33978471654022,-0.113048212261281,0.933684340722393,-0.187207795088801,0.964754384571405,0.184938419232563
-0.929136867982238,-0.24709602318496,0.275042243814169,0.296557854818251,-0.0537860082315427,0.95349908445898,-0.220812407490504,0.967497090768078,0.123252829799375
-0.930067601765002,-0.258894222757256,0.260668443755686,0.271043590481709,-0.0045610045776522,0.962556268119441,-0.248011346929689,0.965894910774541,0.0744136622802741
-0.929502162491015,-0.256460193815022,0.265054520642236,0.268627945096654,0.0216692966059718,0.963000243352903,-0.252714774078749,0.966311859894601,0.0487507168087087
-0.935160564681388,-0.253060255910384,0.247861302230415,0.245042953108179,0.0431211556899307,0.968552795186709,-0.255790284015653,0.96648904433032,0.0216854281178819
-0.947203449700756,-0.245631904670469,0.206083944748114,0.195041221922706,0.0687423798727274,0.97838305737596,-0.254488794696118,0.966922671477606,-0.0172046725259576
-0.957161993681399,-0.235570023699315,0.168367698167294,0.149052394822402,0.0976595865340986,0.983994912972468,-0.248242424757645,0.966938141295653,-0.0583637683683264
-0.96382213558282,-0.227954975925595,0.138142751931947,0.111783068964516,0.124809396791667,0.98586366195604,-0.241974040866875,0.965639240826128,-0.0948125525618529
-0.969618287008164,-0.222049642182235,0.102636903237058,0.0697520175256125,0.151188509645295,0.986040917306346,-0.234467553299935,0.963242436231905,-0.131106733204537
-0.972777554955683,-0.21290710138105,0.0915117192274366,0.0539943537983368,0.175788373565544,0.982946111176538,-0.225362903629549,0.961129030828171,-0.15950720286858
-0.974954953160924,-0.207716166765474,0.0794785088639548,0.0390746470196176,0.191822774508934,0.980651413673577,-0.218942940665535,0.959196547764822,-0.178902128239928
-0.977076161331739,-0.20394248773929,0.0610707511984392,0.0189199143146062,0.202545201803851,0.979090127653509,-0.212047663980436,0.957801076905297,-0.194043513881534
-0.978927344462657,-0.200088634605493,0.0408141221270036,-0.00242935297511271,0.21126122187784,0.977426618409179,-0.204194398814979,0.956730492057398,-0.207295472840576
-0.980701971122177,-0.192787137348625,0.0325078991938535,-0.0100908209027062,0.215964337136006,0.976349107859947,-0.195248096458287,0.957179463192942,-0.213742031596706
-0.982736415630665,-0.183367927909282,0.0246036665488655,-0.014600933915869,0.209437893052195,0.977712934190113,-0.184434134915898,0.960474867952365,-0.208499587313047
-0.983975901239359,-0.177372428149449,0.0181782153293022,-0.016816084338963,0.193815476564052,0.980893868036575,-0.177506746597685,0.964870241419341,-0.193692467937417
-0.982744285909805,-0.184337962244225,0.0152703695853235,-0.0155220232802035,0.164452175893905,0.986262920643906,-0.184316942533545,0.969007222635315,-0.16447573430655
-0.980442503984385,-0.196508040375248,0.0108206491814664,-0.0128976744248238,0.119019338811456,0.992808162226376,-0.196382652938745,0.973251759339157,-0.11922611529349
-0.977910953997651,-0.20889101904839,0.00739650000519085,-0.00624215763007354,0.0645561568316902,0.997894552587217,-0.208928699607122,0.975805843790683,-0.0644341035821073
-0.975940705325289,-0.218017400898896,0.00285527484955027,0.000946594992275776,0.0088586550465726,0.999960313306826,-0.218034042404155,0.975904676254836,-0.00843914787446585
-0.975508016416726,-0.219829519828643,0.00768713981990063,0.0182574681334044,-0.0460930800460405,0.998770290321667,-0.219204869389482,0.974448772477947,0.0489776995393032
-0.977723339558348,-0.208302655393862,0.0258277958551727,0.0480856080606401,-0.102508138864365,0.993569250613163,-0.204315553936328,0.97267779106055,0.110240959707638
-0.974278860962539,-0.205349138254979,0.0928031922913899,0.128625353265718,-0.168613778049699,0.977253760468117,-0.185030320701242,0.964054524012903,0.190689945071708
-0.966640113701598,-0.222516074605177,0.126860108486726,0.178419851772634,-0.229596911952239,0.956792357053204,-0.183774990345235,0.947508234562792,0.261638870123132
-0.956925121617972,-0.247536360367321,0.151723636630971,0.223608039760156,-0.295035619905465,0.928952866157168,-0.185185734253606,0.922864959397147,0.337678116770772
-0.94602663465437,-0.26442895229065,0.187379122943285,0.275354874076695,-0.350890104798104,0.895017222000215,-0.170918986209059,0.898305885289217,0.404763185835894
-0.935402779787354,-0.275169309671434,0.222043893365783,0.315695088090592,-0.367129934600529,0.87495841185492,-0.159242742131505,0.888536697123511,0.430283960825035
-0.924265400617803,-0.287851639568421,0.250748684579962,0.349323174911174,-0.372804485692894,0.859645354153231,-0.153970090247381,0.882132784247943,0.445123535958485
-0.914160527355744,-0.300906337294662,0.271598796758339,0.374322185618483,-0.36955749010946,0.850476432864425,-0.155542378721903,0.879137439584907,0.45047078788932
-0.902969512418456,-0.315234255472653,0.292016136231163,0.398011086574008,-0.357417431132261,0.844890498755308,-0.161966770070137,0.879136021386576,0.448203772065373
-0.890110890758978,-0.327747774121715,0.316676489039711,0.423317122591442,-0.337160227713469,0.840907601683504,-0.168834877537667,0.882555594513152,0.438851235295491
-0.876261579702818,-0.335149737608005,0.346179573802393,0.451716121674324,-0.321367171187379,0.832271402069378,-0.167684791666471,0.88566234799968,0.432994244741734
-0.860365444125715,-0.345217392339175,0.374961670815699,0.483188457765577,-0.318374251493215,0.815577556255846,-0.162173415936406,0.882871897849668,0.440723263682372
-0.846664558329315,-0.355988074440689,0.39551436955569,0.509061863120262,-0.325401337719349,0.796850041680983,-0.154968207015349,0.876005970451383,0.456725732303293
-0.837856250059194,-0.360348245004059,0.410056150495562,0.526590982372928,-0.335551168193745,0.781093688879463,-0.143870919647644,0.87037610022697,0.470899779818841
-0.831199031715872,-0.372015617152294,0.413173753122573,0.538653499037369,-0.35479149754781,0.764182832339605,-0.137697413372199,0.857745518124449,0.495289863098393
-0.82085295902603,-0.375144393449413,0.430658918079821,0.558906044863,-0.372387182215754,0.740912828568252,-0.117577432672296,0.848878360299568,0.515345589620507
-0.808786509041842,-0.372386566845444,0.455184168908555,0.582998760385566,-0.405933732310863,0.703797023552291,-0.0773099487828114,0.83459334397372,0.545414633113159
-0.794665853933395,-0.387062921435046,0.467641396202769,0.60487524131342,-0.439772785053284,0.663871855083878,-0.0513042204729708,0.810420996998872,0.583597193777536
-0.809840257173259,-0.377321005261203,0.449207765794653,0.584146038398304,-0.447970574490955,0.676827725653885,-0.0541494569235482,0.810525276212235,0.583195175679605
-0.816670255093831,-0.355180737740019,0.454858591194486,0.57613053099975,-0.456000080717383,0.678334384824834,-0.0335157529368255,0.816033436768492,0.577032169277312
-0.834289954060153,-0.357210547756571,0.419953446379188,0.546910359700631,-0.440005929635901,0.712238611939406,-0.0696371381263801,0.823890409251557,0.562454675984536
-0.839598657241322,-0.366429679779307,0.40100297322514,0.530311988611547,-0.393025091273446,0.751199355939796,-0.117657509294707,0.843362654737767,0.52430539106539
-0.843905060681348,-0.36449021093711,0.393663733010078,0.514155569303371,-0.33994689928376,0.787451685007837,-0.153193665374043,0.866938862780057,0.474287580578373
-0.858154658320173,-0.337552610035084,0.386818843726475,0.48638277020038,-0.293386347244761,0.823016556396394,-0.164324019107337,0.894417512523586,0.415950634132864
-0.875533138784003,-0.312032328554507,0.368886905199796,0.448007617912727,-0.238412541360879,0.861654591129189,-0.180916823936289,0.919671292396745,0.348530940890627
-0.890300869070402,-0.302038940732292,0.340788557339886,0.39909779095263,-0.157164167723563,0.903338462394074,-0.219283642320206,0.940250978550448,0.260466469138944
-0.904962826452164,-0.295006848125312,0.306615789382867,0.340810803172634,-0.0711455332468904,0.937436029572066,-0.254735704565601,0.952842732384618,0.164925583707567
-0.911089354525579,-0.301920080168124,0.280642928400905,0.299120036017646,-0.0157920160567719,0.954084805602554,-0.283625443363185,0.953202432550472,0.104698282970161
-0.91169113925432,-0.31416738404642,0.264798265490145,0.270673337120834,0.0256322547565928,0.962329949699148,-0.309120059486651,0.949021518363795,0.0616680347136715
-0.908410406204473,-0.313215743388577,0.276923151782159,0.274713322999644,0.0521204437788047,0.960112519190742,-0.315155713998519,0.948250682801674,0.0386977841774181
-0.910349333673928,-0.312633663456123,0.271153615416499,0.26247255751112,0.0703952198319796,0.962368260895162,-0.319956633363032,0.947261687971603,0.0179735157435267
-0.920518156877253,-0.308544916442038,0.239679697507069,0.221624487511629,0.0928490626050799,0.970701621564817,-0.321759085954867,0.946667357687553,-0.0170881389962244
-0.931084157275877,-0.302731363236837,0.203558379298509,0.174957111060616,0.119075170981638,0.977349023095136,-0.320112950939496,0.945608177507185,-0.0579040004865613
-0.937057398760179,-0.297188815872105,0.183309135477045,0.145975844730105,0.143479212656765,0.978828262919868,-0.317197862830343,0.943976971782644,-0.091065869347037
-0.942695398104972,-0.289421326592225,0.166014102127814,0.120400572623588,0.168960544590015,0.978241297678521,-0.311173727206555,0.942171762517558,-0.124431834395135
-0.94873081996233,-0.279270339468199,0.148046981552887,0.0955955855094815,0.192931252526687,0.97654442593749,-0.301282782921134,0.940630431833779,-0.15634281378911
-0.953617563375819,-0.270580003206838,0.131909077344025,0.0739058495983094,0.214340031815198,0.973959073142507,-0.29180724496886,0.938533330588769,-0.18440097385219
-0.955835972824189,-0.269087308802565,0.118193118651759,0.0556525475578303,0.229163056004755,0.971795805564566,-0.288583414293959,0.935455137355049,-0.204066898321327
-0.958954402030954,-0.266137414032228,0.0978638425451011,0.0326438815715937,0.239217590768761,0.97041708623804,-0.281675046501094,0.933780392340205,-0.220711003485505
-0.961723335824604,-0.260542187357269,0.0848881260099677,0.0190138032917382,0.245589715422308,0.969187374537644,-0.273361849230607,0.933704161009192,-0.231235462460548
-0.964025181086716,-0.254125646311249,0.077946174489926,0.0135832616020019,0.24575882022844,0.969235831613842,-0.265463642020852,0.935426511366241,-0.233465836040757
-0.96279992289297,-0.265269298933842,0.0514636524202972,-0.00861609622074422,0.220495356125834,0.975349968376918,-0.270077898694439,0.938623458565835,-0.214578497680235
-0.958410871077081,-0.283139421265728,0.0357864545125374,-0.0175616934161575,0.183667032256549,0.982831627587568,-0.284851170132099,0.941328045575707,-0.181000888083439
-0.955072564754713,-0.294561273789041,0.032711649861043,-0.0108106977729285,0.14492525913138,0.989383544475732,-0.296174821459415,0.944579443588246,-0.141598551842891
-0.951862377516935,-0.305211569910474,0.0283533394962804,0.000217961947685514,0.0918250919797658,0.995775127714835,-0.306525638014827,0.947847060487973,-0.0873383258593377
-0.947545867169417,-0.319522613422474,0.00788220285390317,-0.00374034404094918,0.0357447568144246,0.999353952404618,-0.319597934030576,0.946904225289945,-0.0350649210955474
-0.942973611301066,-0.332599887376472,-0.0133447857601203,-0.00691869409313446,-0.0204976515985785,0.999765961588505,-0.332795582996335,0.942845247745409,0.0170275876749336
-0.948009101298646,-0.316722615103132,0.0310729615126502,0.0543611405050779,-0.0649576716722381,0.996406226041321,-0.313565958385026,0.946291332504507,0.0787978665252078
-0.946727669403923,-0.304802577351143,0.103933194048464,0.150602357686745,-0.13378097140498,0.979500679708357,-0.284650048031278,0.942972979745464,0.172558134046908
-0.93546142502004,-0.309071354528386,0.171425844345199,0.238417428055402,-0.193794125073783,0.951630688390372,-0.26090046435168,0.931084708765468,0.25497492583429
-0.922542124801501,-0.336801090551004,0.188364150969298,0.284527626649272,-0.263917559728604,0.921624409041031,-0.260691498979277,0.903832145406741,0.339304281271817
-0.907119951811448,-0.367941384076937,0.204334360569005,0.331568480659288,-0.325736253145801,0.885414160729218,-0.259221402779337,0.870927684294214,0.417479619946926
-0.892183397818966,-0.387065013894549,0.23278629614953,0.383913217391209,-0.37835025510751,0.842295509884988,-0.237948368703242,0.840851805896196,0.48615719099132
-0.880487026597582,-0.396384889780696,0.260041564267895,0.415576476510393,-0.38141573432104,0.825722852889242,-0.228120117842672,0.835105416558824,0.500559841646888
-0.871179397792872,-0.40270651144403,0.280845015091646,0.438436090585249,-0.380685131137085,0.814157617051799,-0.220953052329155,0.832409933008803,0.50820611182345
-0.862189785815522,-0.409274403308596,0.298535150412436,0.457580036271378,-0.376321755996705,0.805606880785809,-0.217369003404963,0.831189748950232,0.511736570511414
-0.850115785427626,-0.417424528608068,0.321029460148289,0.481360288942984,-0.36878565614268,0.795166279498911,-0.213530849282947,0.830514239937971,0.514442099428845
-0.837019843271997,-0.424245844544019,0.345562216331665,0.506620797918711,-0.362285721387862,0.782358244792425,-0.206719977469833,0.829918381207218,0.518172106012339
-0.823069626121309,-0.430138924846933,0.370859671423102,0.533300380759259,-0.36078334424592,0.765131415115572,-0.195312811762455,0.827536031751038,0.526343064659533
-0.809725670065403,-0.433532247348201,0.395466976808876,0.558226753355852,-0.361320065774139,0.74688064769865,-0.180906691625593,0.825528679440146,0.534579431279293
-0.800748469781637,-0.438649978847108,0.407906955321674,0.573361795715521,-0.364190867894786,0.733908211533237,-0.173372833385853,0.821554141733504,0.543130419737549
-0.796199899237571,-0.445200892273639,0.409709514135121,0.580652878233655,-0.371963774174363,0.724213494558707,-0.170023396781302,0.814517720016403,0.554664699008535
-0.795736136149287,-0.453962719431967,0.40090129831685,0.580175992726856,-0.381431495711422,0.719656745638332,-0.173780951457889,0.805250186864481,0.566897096010474
-0.791719848486025,-0.455120982530567,0.407485671863044,0.588858725202165,-0.391078209754933,0.707321168641345,-0.162557938183732,0.799951701739104,0.577626342559068
-0.786609392625972,-0.452929692054009,0.41964313111078,0.601988479320992,-0.411420326689245,0.684356037126665,-0.137315455056587,0.790941217059002,0.596285549849924
-0.783821985398231,-0.45078776857749,0.427098914664158,0.611856367640412,-0.443130123483826,0.655185072356727,-0.106089021978034,0.774871654767508,0.623152499837405
-0.780662729288391,-0.470195396473512,0.411681906616159,0.614185547298479,-0.455476155399728,0.644451383233794,-0.115506781574359,0.7559482528569,0.644360475520445
-0.790194447735741,-0.474542419998232,0.387817259014897,0.599321691297161,-0.466089477451493,0.650825713497634,-0.12808686547932,0.746706160836521,0.652704882975811
-0.80198111913725,-0.465631088368454,0.374184411877582,0.581258567939149,-0.46388940079292,0.668539528397024,-0.137712605612897,0.753653974564451,0.642682600416809
-0.804941069782091,-0.472395162116352,0.359044126796592,0.564176178949709,-0.421913374963756,0.709714268654928,-0.183780067699868,0.773842306181148,0.60612950091583
-0.804346081774382,-0.4766219585056,0.354765964270086,0.549989419515289,-0.371343343410781,0.74807470196882,-0.224808850260469,0.796828482155846,0.560825597552195
-0.806590088403582,-0.46277057564647,0.367771428478255,0.538756980643389,-0.319543199520898,0.779508216408247,-0.243214607080085,0.826883025557897,0.50706125561622
-0.819387467895573,-0.431653507986916,0.377199451879599,0.516945522090134,-0.272043330499977,0.811640162585267,-0.247732728250909,0.860039345247105,0.446050243784589
-0.82840706659901,-0.41591948330943,0.375170248570486,0.486427139896017,-0.202093513899439,0.850027557913482,-0.277723548842016,0.886661826765647,0.369730219721355
-0.835865922471495,-0.419451622104336,0.354102381190691,0.441514325727687,-0.130410073388419,0.887726485431213,-0.326179796781011,0.898361591717315,0.294199236401166
-0.839065577759174,-0.434854137636505,0.326911050899284,0.39825995147915,-0.0816110082320561,0.913634858345046,-0.370618357974193,0.896795139547354,0.24166197552936
-0.833021266894191,-0.451700595034329,0.319440356479309,0.375617114870729,-0.0378451262047905,0.926001905742495,-0.406186351220945,0.891366545742085,0.201192269269071
-0.823317010135782,-0.456952677786,0.33666504286201,0.376014216802613,0.00519681691734081,0.926599321096365,-0.425161627599896,0.889475825055483,0.167542075486951
-0.828707571315253,-0.453854238057027,0.327505865355796,0.354652760600223,0.0268535755986619,0.934612382154339,-0.432972494095657,0.890671216597484,0.138706897021537
-0.841104708244157,-0.443919160140564,0.308996195817372,0.320974281629943,0.0501510285307215,0.945759157962244,-0.435337088130168,0.894662312605939,0.100304367307408
-0.85500005136602,-0.432349853708613,0.286441121632778,0.282751538907174,0.074411462490769,0.95630251567985,-0.434771755533552,0.898630367975691,0.0586257822305732
