-0.886784564275184,-0.462126792709113,0.00720860760905787,0.462177998430813,-0.88659443195623,0.0184881310763976,-0.00215274934917326,0.0197266490970732,0.999803093106658
-0.893951420003489,-0.448108403423906,0.00705106053189275,0.448159017185466,-0.893757830284994,0.0187199390922263,-0.00208662145661767,0.0198947124919628,0.999799903193514
-0.900206271513229,-0.435409234964752,0.00688961796184883,0.435458927139828,-0.90000926587994,0.0189431809493756,-0.00204731592092968,0.0200529159391078,0.999796823889664
-0.906189727004186,-0.422814891998709,0.00690983185029349,0.422867489790226,-0.905990650062089,0.0190795198730611,-0.00180686208464845,0.0202116081545464,0.999794091873529
-0.911364021171861,-0.411545889897439,0.00675288249421102,0.411597360660641,-0.911160984106519,0.0193202934562058,-0.00179822430453289,0.0203872889459369,0.999790540482748
-0.915857252248352,-0.401457335019083,0.00612386017763965,0.401497633758649,-0.915649952702931,0.0196166817103538,-0.00226794847934111,0.0204247955802663,0.999788819769055
-0.920622127657567,-0.390404516019781,0.00626194367706348,0.390449967535759,-0.920413262536472,0.0197040350764175,-0.00192896826801993,0.020584946400911,0.999786246686307
-0.926131926869495,-0.377145318219126,0.00640804013655278,0.377196547759839,-0.925920363140509,0.0198556158254515,-0.00155511769867072,0.02080601036102,0.999782322079061
-0.931985895292098,-0.362432699723451,0.00669545724784254,0.36249321880831,-0.931773655482709,0.0199128417454873,-0.000978414318032355,0.0209855454911417,0.999779300438782
-0.935896843304865,-0.352217588114515,0.00631421529439575,0.352272106814454,-0.935679470392505,0.020206222964931,-0.00120890549500765,0.02113526221263,0.999775894507718
-0.939632650773853,-0.342128195779756,0.00622729894834136,0.342182912048614,-0.939410198757925,0.0204776261204133,-0.00115598513564305,0.0213723214014206,0.999770917548755
-0.943719264714455,-0.330686273246286,0.00636695321889888,0.330746615525392,-0.943495653619968,0.0205579162059054,-0.000791028007007524,0.0215067497942577,0.999768390172433
-0.947922209139631,-0.318440311023417,0.00626528013348554,0.318501231298191,-0.947695203707536,0.0207549158337896,-0.000671625920988458,0.0216695451046162,0.999764962245418
-0.95196024445631,-0.306161823800007,0.00605232369724166,0.306220958417345,-0.951730462784766,0.0209248855064334,-0.00064622027615696,0.021773007485146,0.999762731123944
-0.95616561415055,-0.292764810559283,0.00600699711074072,0.292826150578929,-0.955935136497205,0.0209966746699799,-0.000404787879137327,0.0218353041714176,0.999761499377984
-0.95983806331276,-0.280490638142021,0.00599117106183611,0.280554549804735,-0.959604357390927,0.0211806954609378,-0.000191832929317902,0.0220108880109005,0.99975771265297
-0.962957430646498,-0.269592857812418,0.0057164481305325,0.269653351508554,-0.962721916477998,0.0212974541468209,-0.000238291627897062,0.0220500011216571,0.999756840770612
-0.965920810384698,-0.258777462558252,0.00558685400569511,0.258837707247287,-0.96568127643158,0.0215107800054584,-0.000171384760004765,0.0222237985364388,0.999753006199969
-0.968864523470488,-0.24753138099576,0.00545440946726124,0.24759144572297,-0.96861990252905,0.0217706322697625,-0.000105665104353056,0.0224432583852589,0.999748112770381
-0.972132759166461,-0.234372110477068,0.00525474889302717,0.234431007699244,-0.971885213924059,0.0219370368305195,-3.44168675651117e-05,0.0225575882201881,0.999745544640819
-0.975374763325587,-0.220494158541692,0.00513781242814313,0.220553978767245,-0.975122224190525,0.0221943763071179,0.000116264754209014,0.0227809995109009,0.999740472594659
-0.978839498436815,-0.204566977116876,0.00505847538580366,0.204629182692592,-0.978583014073927,0.0224094211560648,0.000365910544823375,0.0229703382485294,0.99973608000823
-0.982134505680499,-0.188117704219638,0.00485202131630634,0.188179552727959,-0.981875283262745,0.0225695381612181,0.000518350100159311,0.0230793734065341,0.999733501407418
-0.985293056471292,-0.170813535989752,0.00450874618239862,0.170872127974502,-0.985030589486884,0.0227476077113041,0.000555653601419247,0.0231834789839641,0.999731072614669
-0.988330740158635,-0.1522555209876,0.00453920546780163,0.152319836351941,-0.988067336883472,0.0228386785458593,0.00100772575746953,0.0232635791054976,0.999728858429125
-0.991087968448847,-0.133129162889524,0.00461137552933443,0.133200438810127,-0.9908228171742,0.0229736385401056,0.00151059482565255,0.0233831339926171,0.999725435881251
-0.993195179742833,-0.116368026055603,0.00467091506267363,0.116445461377965,-0.992927793225981,0.0231268667107699,0.00194665355754318,0.023513399399222,0.999721626548421
-0.993800563982376,-0.111097283817012,0.00422286120919931,0.111165904959902,-0.993528572606872,0.0233048704823201,0.00160642545919969,0.0236298316167067,0.99971948588342
-0.994481998181584,-0.10481864054331,0.00431368605906497,0.104891298811292,-0.994208357782258,0.0233999305465974,0.00183595382406899,0.02372327782069,0.999716877602353
-0.995080430715198,-0.0989794624998104,0.004242924805359,0.0990524591191344,-0.994801916169784,0.0236168991905868,0.00188328173873895,0.0239209863545549,0.99971207838143
-0.99548399683061,-0.094843113738151,0.00404917653437399,0.0949129326928988,-0.995201428852288,0.0237834231766256,0.00177405236326087,0.0240603363820497,0.999708934116023
-0.995729955421949,-0.0922426878311089,0.00362524717721465,0.0923032800664941,-0.99544302777643,0.0239433276772496,0.00140013012595402,0.0241757108062295,0.999706744321876
-0.996279854150644,-0.0861113950987888,0.00335854845291948,0.0861676464210311,-0.995986512182424,0.0242075248828148,0.00126052522007111,0.0244068675751779,0.999701313338808
-0.997277514536202,-0.0736751898210336,0.00308632553838668,0.0737286978329316,-0.996979984427079,0.0243924120915178,0.0012798891961622,0.0245535548672054,0.999697696719878
-0.998399862541426,-0.0564621171820574,0.00312150613973877,0.0565218108431072,-0.998100546679877,0.0245068075511335,0.00173187074482763,0.0246440264699568,0.999694789714877
-0.999294174557549,-0.0374314715794137,0.00316822201643737,0.037498180262502,-0.998994244258657,0.0245842717011472,0.00224481009147241,0.0246857220569803,0.999692740772973
-0.999731423998484,-0.0229754085321727,0.00303487606714375,0.023043344755062,-0.99943031410836,0.0246587003665159,0.00246660342627228,0.0247220113268729,0.999691321370498
-0.999918590165562,-0.0124597429360592,0.00275097206117468,0.01252420415904,-0.999613700594723,0.024811164694668,0.00244076862826372,0.0248435985575879,0.999688370573157
-0.999992762148498,-0.0026070971649666,0.00277104582937989,0.00267565397018146,-0.999683079993221,0.0250315890646262,0.00270490784463187,0.0250388222494766,0.99968282012542
-0.999976262384864,0.006395029630943,0.00256481243305048,-0.00632838025174264,-0.999662330778532,0.0252026987805531,0.00272511838031437,0.0251858694202383,0.999679071358084
-0.999877928807845,0.0154390488057809,0.0024006780095739,-0.0153735182166209,-0.999562565835512,0.0252652314054481,0.00278969901175264,0.025225240381418,0.999677900539531
-0.999739219785135,0.0227283726577172,0.00221664154539599,-0.0226643871822479,-0.999416584231066,0.0255502782286581,0.00279606456685364,0.0254933763993827,0.999671080797428
-0.999600896021388,0.0281775178497317,0.00201895048609894,-0.0281164138901395,-0.999274339858138,0.0256955437973551,0.00274152205821132,0.0256285229561021,0.999667776247636
-0.999408345550403,0.0343449927471708,0.001838563951301,-0.0342863442946069,-0.999080241201685,0.0257510822159978,0.00272129364787077,0.0256728088369808,0.999666695177599
-0.999128431042126,0.0417035417097819,0.00178686657603679,-0.0416436179311225,-0.99879893869922,0.0258164509357809,0.00286135787814153,0.0257195385295564,0.999665102906429
-0.998717826097014,0.050602066996838,0.00146104472968261,-0.0505472523318345,-0.998384833934966,0.0259364348042023,0.00277112211143709,0.0258293279877404,0.999662526404759
-0.998090591771056,0.0617516430702643,0.0013802884574185,-0.0616946792386242,-0.997753499236448,0.0261097934704203,0.00298951028536869,0.0259747827622746,0.999658128306226
-0.997135673958179,0.0756249020183372,0.00114974548662392,-0.075568853634669,-0.996795475393129,0.0262322053234225,0.00312986905622912,0.0260701827861844,0.999655215306351
-0.995752364590832,0.0920660977610492,0.00103056043927071,-0.092007357642845,-0.995411299200642,0.0262867183815953,0.00344594709009636,0.0260802428428982,0.999653913302953
-0.994100724993396,0.10845745553199,0.000853760581694161,-0.1083973504972,-0.993757495304256,0.0263828529882536,0.00370984808203444,0.0261346678980025,0.999651547370918
-0.992161249977013,0.124962078889518,0.000729988808950207,-0.124898980857674,-0.991815152177599,0.0265131758120821,0.00403715552907796,0.0262141707963002,0.999648197429824
-0.989810333759241,0.142390666139127,0.000633545480659521,-0.142323510223708,-0.989461981545341,0.0266271574519534,0.00441832785366753,0.026265667187884,0.999645233623486
-0.987320928308519,0.158734874661633,0.000789993771868699,-0.15865760002728,-0.986973074973288,0.0266817396613772,0.00501502518313401,0.0262181014554759,0.999643666852586
-0.984842761493217,0.173445548943598,0.00117332266165943,-0.173351355165359,-0.984490430416098,0.026979623449207,0.00583462053163333,0.0263672897883192,0.999635295111408
-0.982378588526274,0.186900043982397,0.000826053572383128,-0.186809674645083,-0.982023215560715,0.0270656527501827,0.00586977547479852,0.0264344029471704,0.999633316810071
-0.979724889739651,0.200346610549358,0.000613242213878271,-0.200256528801042,-0.979367456721867,0.0271423541112419,0.00603846811587819,0.0264692341318455,0.999631390337102
-0.976215063319605,0.216804255488027,0.000254853256682074,-0.216717005342222,-0.975854223961183,0.0272446907234573,0.00615546451532416,0.026541446445133,0.999628762029786
-0.971569289144782,0.236755345523975,-0.0001508526602831,-0.23667055966539,-0.971203904934027,0.0273865154514103,0.00633739523565968,0.0266435997328155,0.999624907660321
-0.965608397324384,0.260000362926128,-0.000484040201267783,-0.259915102188411,-0.965240605295385,0.0274720502217752,0.00667552777112734,0.0266530517442391,0.999622454810664
-0.959059226807042,0.283204679033551,-0.000713617391466559,-0.283116036892231,-0.958689598424854,0.0275601800870336,0.00712103438520113,0.0266338815326626,0.99961989137061
-0.952178177076552,0.305541429423748,-0.00107424618569776,-0.305453035336948,-0.951805479011334,0.0276545353866462,0.00742713286673133,0.0266601768504762,0.99961696297516
-0.945477986059168,0.325683599087823,-0.00125346029110854,-0.325591138815775,-0.945102678711386,0.0277729547799791,0.0078605471912619,0.0266668329159293,0.999613471207791
-0.939778255394355,0.341781396295087,-0.00151915585829252,-0.34169038722795,-0.939405000794168,0.0276753276208989,0.00803180950692906,0.0265277520625151,0.999615810402454
-0.935260150690905,0.353956044319222,-0.00188923781341713,-0.353869444424316,-0.93488324304698,0.0277441556510077,0.00805399481331307,0.0266165467303727,0.999613271524392
-0.93200008539072,0.362451897248373,-0.002112584375902,-0.362367679949101,-0.931621729280724,0.0277600082907077,0.00809353816306831,0.026637862396379,0.999612384340528
-0.928652553547371,0.370943357421823,-0.00233674443910579,-0.370861541113708,-0.928272766855538,0.0277738660817921,0.00813339490704101,0.0266588803026146,0.999611500528229
-0.926458911486217,0.376386728638653,-0.00262979703907907,-0.37631014654841,-0.926076046449769,0.0278177964022977,0.00803485734088125,0.0267616646839863,0.999609550960201
-0.924233285945234,0.381817087914031,-0.00292310241441318,-0.381745777146651,-0.923847380140324,0.0278600042814028,0.00793692519656017,0.0268650253063186,0.9996075608126
-0.922071810664681,0.387007359058142,-0.00297993496560582,-0.386934498194903,-0.921682828296492,0.0279724530572115,0.00807899029681007,0.0269456500797659,0.999604252620788
-0.919710989315283,0.392584164692187,-0.00306100729214906,-0.392510020634842,-0.919318131555009,0.0281079471936818,0.00822069546574892,0.0270526639565276,0.999600206852177
-0.916384169450379,0.400286787436219,-0.00324681147123901,-0.400213120712258,-0.915986313803764,0.0282582896501004,0.00833738511132482,0.0271948658423644,0.99959538178271
-0.912644874039022,0.408739634717945,-0.00335334175705255,-0.408665017083967,-0.912246269956737,0.028278026129518,0.0084992765609623,0.0271781890614803,0.999594471942137
-0.909064307756123,0.416640184700422,-0.00361121263278281,-0.416569537453277,-0.908665495081882,0.0282283282105331,0.00847967156460706,0.0271656868199046,0.999594978293589
-0.905540809874419,0.424241852192878,-0.00383307969380609,-0.424173987178214,-0.905141011804899,0.0282166147888161,0.00850119128823981,0.0271771889046726,0.999594482852883
-0.902034728874106,0.431644457786395,-0.00405092178485936,-0.431578752579292,-0.901632081125821,0.0282731428536794,0.00855150437763305,0.0272516485191435,0.999592026491743
-0.898131996513441,0.439707497561244,-0.00402907274803501,-0.439635873113461,-0.897724849832732,0.0284674035444915,0.00890033204691953,0.027338810896388,0.999586601304873
-0.89409853206926,0.447851510130774,-0.00410363560521076,-0.447776087735818,-0.893684972307238,0.0287009673045543,0.00918641407735684,0.0274990026327645,0.999579618965195
-0.890134849845821,0.455677045891513,-0.00428706630949597,-0.45560214193161,-0.889717602824338,0.0287971438140021,0.00930791906324378,0.0275865378780744,0.999576082932468
-0.886321837057216,0.46304770107725,-0.00451969939225585,-0.462975615908511,-0.885902637283201,0.0288113923441011,0.00933703537844395,0.0276286768004508,0.999574647531939
-0.882416837941271,0.470443289680608,-0.00486161621450658,-0.470377374816648,-0.881995712989992,0.0287869332836273,0.00925469493436835,0.0276888689145104,0.999573747734457
-0.878214437033377,0.478241219935406,-0.00497374515262218,-0.478174064500931,-0.877791055745655,0.0288518022242899,0.00943221208454939,0.0277163851832242,0.999571325803001
-0.87331444414274,0.487130565593068,-0.00506889698405274,-0.487062051871814,-0.872891723909658,0.0288200617009462,0.00961453473007875,0.0276378435303009,0.999571763470198
-0.867606306158413,0.497223697290113,-0.00528132249583632,-0.497155286527623,-0.867179888014577,0.0289078345896754,0.00979380374482115,0.0277062569860489,0.999568129109784
-0.861592982107402,0.507570900435267,-0.00541426030096491,-0.507500308740931,-0.861163991902691,0.0289830239637554,0.010048373556641,0.0277193088217658,0.999565240545764
-0.856286606012277,0.51647118579457,-0.00554640495524511,-0.516398894170798,-0.855854544296734,0.029071998655187,0.0102679337334061,0.0277581204439556,0.999561932191431
-0.851162926916063,0.524871097276531,-0.00565712713419145,-0.524796338606596,-0.85072703122837,0.0291945426831201,0.0105107006804236,0.0278181520071961,0.999557739998102
-0.845504254621939,0.533935675763723,-0.00593713423606054,-0.533863668326807,-0.845065205663075,0.0292298104384942,0.0105895730246771,0.0278835493501515,0.999555085334867
-0.839409842364186,0.543463147947835,-0.00623885925167522,-0.543394968935125,-0.838969401793162,0.0291933312730832,0.010631287698504,0.0278953343312788,0.999554313704072
-0.833480719341287,0.552511051016581,-0.0064365356275327,-0.55244339005496,-0.833038318433909,0.029214051505903,0.0107792054862792,0.0279051702262971,0.999552454953579
-0.82884947740056,0.559430598062552,-0.00677862553876804,-0.55936971628321,-0.828406321255071,0.0291288072169625,0.0106800897964976,0.0279351544834918,0.999552681365982
-0.824535847764861,0.565766140573151,-0.00702210307842928,-0.565709520891369,-0.824092792825266,0.029048352557645,0.0106477097791373,0.0279238785704384,0.999553341889288
-0.820532433796023,0.571553969706033,-0.00725153790933119,-0.571500620448054,-0.820087275927879,0.0290499688240983,0.0106567310308987,0.0279807000353213,0.9995516567488
-0.816480993105132,0.577323348644031,-0.00751924254824929,-0.577274399319118,-0.816033466832461,0.0290456347864399,0.010632769573797,0.0280558749611768,0.999549804707777
-0.812689290862603,0.582646022547098,-0.00772844921618666,-0.582598468344696,-0.812235767068933,0.0291904672171985,0.0107303867430295,0.0282253627787232,0.999543989875561
-0.809352388966423,0.587270396809132,-0.00788615914050234,-0.58722450718851,-0.808896913845938,0.0292089186333728,0.0107744434453362,0.0282712539899378,0.999542219001419
-0.805538457944529,0.592490155368244,-0.00795038137862337,-0.592441945115449,-0.805079511271752,0.0293176090134035,0.0109697055646507,0.0283266009636389,0.999538528140698
-0.80078338071669,0.598899554709755,-0.0080808747302615,-0.598850451473326,-0.800321028237968,0.0294004852054425,0.0111406435246051,0.0283826554180418,0.999535047376169
-0.796249831160132,0.604911204351803,-0.00828500012752655,-0.604864413997684,-0.795785569840778,0.0294001277621082,0.0111913831450591,0.0284211485137721,0.999533386766275
-0.792861799151837,0.609343673551686,-0.00839374459043804,-0.609296752343612,-0.792394990637768,0.0294558380580307,0.011297567403668,0.0284686900771711,0.999530839272131
-0.790353115217231,0.61259066529194,-0.00863886934715632,-0.612548981863119,-0.789884154865913,0.0294409019939953,0.0112115157260207,0.0285604392288085,0.999529190782433
-0.787768631847475,0.615907827869199,-0.00883913155248365,-0.615870597907877,-0.787299399450365,0.0293779212622285,0.0111350487089983,0.0285867660734831,0.999529292965299
-0.782696617073557,0.622338488029528,-0.00898954608034165,-0.622300797120525,-0.782223688885393,0.0294587584546371,0.0113014832995159,0.0286514722771798,0.999525572264953
-0.77870961680878,0.627317242017782,-0.00918752179462858,-0.627281912455473,-0.778233937715372,0.0294845806182207,0.0113461445313935,0.0287230927170432,0.999523010715132
-0.776227978935111,0.630381167391393,-0.00947145799646065,-0.63035165114558,-0.775747988944281,0.0295271662532394,0.0112659050393522,0.028890161771258,0.999519103337438
-0.774440541483334,0.632574513300733,-0.00955682108976749,-0.632545641208474,-0.773958483538149,0.029568184717547,0.0113074972988066,0.0289439265074779,0.999517078204854
-0.774399695991164,0.632622815514542,-0.0096687196281063,-0.632595282566872,-0.773911548344438,0.0297342195669453,0.0113278119216725,0.0291425570183787,0.999511076500655
-0.774364503351654,0.632664642436501,-0.00975018767205384,-0.632638332552452,-0.773872521792418,0.0298338767158839,0.0113294366232277,0.0292706375970715,0.999507315451199
-0.774254575946112,0.632796351776743,-0.00993120358015724,-0.632773985878359,-0.773757204890178,0.0299477991871463,0.0112665177459909,0.0294714278341488,0.999502126320548
-0.774202686295945,0.632856424591981,-0.0101462497897843,-0.632839554101978,-0.773700733661189,0.0300212174328215,0.0111489594201681,0.0296634553751395,0.999497763938997
-0.774154146286726,0.632914583996767,-0.0102218956789069,-0.632898404156673,-0.773647298711432,0.030157374097248,0.0111788999014982,0.0298158776611406,0.999492894240019
-0.774135077531345,0.632934620157484,-0.010423451522405,-0.632924038084342,-0.773624877137386,0.0301945605892202,0.0110473413339922,0.0299719215310978,0.999489689876381
-0.774119088144645,0.632949567976909,-0.0106996153177216,-0.632947147086053,-0.773605506172952,0.030206453193297,0.0108418801750902,0.030155682992349,0.999486412322616
-0.774100021207772,0.632969362030867,-0.0109061403055025,-0.632972601549892,-0.773582609743351,0.0302594049814281,0.0107164757867704,0.0303270940399001,0.999482578394345
-0.774067313493193,0.633006858202276,-0.0110504140336614,-0.63301469925434,-0.77354906667199,0.0302362692611414,0.0105917283466754,0.0303999822331827,0.999481693864802
-0.773980068005882,0.633109745999997,-0.0112651608700928,-0.633123452322842,-0.773457784751115,0.030294377806855,0.010466539467079,0.0305794821361909,0.999477536928103
-0.77393247349729,0.633164583063254,-0.0114515160875209,-0.633182710696655,-0.77340454136109,0.03041496797433,0.0104010259687906,0.0307900333935968,0.999471756730734
-0.773861815838173,0.633246611851812,-0.0116883944939039,-0.633272025317006,-0.773331534047864,0.0304118463444133,0.0102191946132303,0.0309364998889378,0.999469109595729
-0.773842178013302,0.633266116994733,-0.0119293165789573,-0.633298619302532,-0.773308314063017,0.0304484842072865,0.0100569536707263,0.0311171410548467,0.999465147574161
-0.773826636007994,0.633279795829083,-0.0122080956428871,-0.633319876794363,-0.773286474547468,0.0305607908785439,0.00991317616731312,0.0313803836277345,0.999458353540383
-0.773846100629784,0.633250536643929,-0.0124888102016926,-0.633298310092534,-0.773299418138706,0.0306799664321861,0.00977051554518592,0.0316507147867982,0.999451234067709
-0.77379149305064,0.633312821836799,-0.0127120013991546,-0.633367252656901,-0.773241394786139,0.0307191902731314,0.00962541138401276,0.0318216135087063,0.999447215399288
-0.773801595412598,0.633296748324464,-0.0128964917158692,-0.633356548329218,-0.773247975110515,0.0307742047173897,0.00951701767446887,0.0319812061865894,0.999443159376978
-0.773790306195894,0.633306163415359,-0.0131097451303243,-0.633371898379376,-0.773231615743149,0.0308691878504343,0.00941277751620502,0.0321896224792695,0.999437455683983
-0.773722019152156,0.633385675858842,-0.0132974695317751,-0.633457399258041,-0.7731615422149,0.0308699362668415,0.00927148339534992,0.0323081298857903,0.999434952530145
-0.773682688567372,0.633428540190845,-0.0135418566990786,-0.633507730173199,-0.773118478910051,0.0309155847205404,0.00911335404586874,0.032497723604984,0.999430260067469
-0.773638865312986,0.633479671587999,-0.0136532692786858,-0.6335620559123,-0.773072225100261,0.0309589419507916,0.00905689711853267,0.0326012340762294,0.999427402141492
-0.77361386824846,0.633506883932466,-0.0138061893305348,-0.633594049860927,-0.773045151610993,0.030980212258256,0.00895337000710081,0.032714241255348,0.999424642274045
-0.773613390635727,0.633502388309998,-0.0140373015434103,-0.633596878827308,-0.773041669216497,0.0310092372571009,0.00879300684563159,0.0328831516205561,0.999420522788137
-0.773610590424133,0.633500678359553,-0.0142669163314983,-0.633602825074703,-0.773037209664806,0.0309989117713375,0.00860897444412753,0.0330206449306717,0.999417591683968
-0.773585709055685,0.633526576307367,-0.0144647107498527,-0.633634396624582,-0.77300731312274,0.0310989593550445,0.00852069005508204,0.033223048791898,0.99941164035144
-0.773591324595887,0.633516698228427,-0.0145964233883298,-0.633629350317531,-0.773013571002396,0.0310461827332909,0.00838504181051515,0.0332657798927995,0.999411366236126
-0.773555006743498,0.633558275525918,-0.0147160814991495,-0.633674677486809,-0.772975430624646,0.0310706736752342,0.00830991299919749,0.033360083382214,0.999408850362392
-0.773528323077741,0.633587877858886,-0.0148436662186308,-0.633708201776209,-0.772946399551553,0.0311091372727832,0.00823701390684778,0.0334703518141861,0.999405767019249
-0.773505130666102,0.6336111566364,-0.0150570587798381,-0.633737885594373,-0.772918417380066,0.0311995582832348,0.00813051016787406,0.0336752470010029,0.999399756125562
-0.773483965354596,0.633631347000323,-0.015292855779268,-0.633764961818733,-0.772890875301708,0.031331582249554,0.00803296397533507,0.0339265526382659,0.999392045453562
-0.773407226045724,0.633719749012385,-0.0155094297747356,-0.633860715162924,-0.772812647075842,0.0313242125643754,0.00786488864545623,0.0340571905962632,0.999388938949839
-0.773359586516583,0.633774726818022,-0.0156379534991325,-0.633919305655639,-0.772760806579223,0.0314173476299684,0.00782712335229196,0.0342101075966054,0.999384012618902
-0.773332228722516,0.63380403146443,-0.0158023326917513,-0.633954096992012,-0.772731623179171,0.0314331265693991,0.00771148015030259,0.0343262033775969,0.999380930794445
-0.773318065957989,0.633816316388379,-0.0160014356499948,-0.63397310599019,-0.772715423904445,0.0314479656150712,0.00756767759268733,0.0344637598070895,0.999377295877695
-0.773274421828083,0.633865930153642,-0.0161446937692075,-0.634026750175179,-0.772666658477623,0.031564456898962,0.007533167245257,0.0346441548819263,0.999371319342201
-0.77325069704835,0.633890318820911,-0.0163224758956346,-0.634057193663222,-0.772641157108178,0.031577167486283,0.0074050441024678,0.0347664500296025,0.999368029944014
-0.773208475519806,0.633938148623311,-0.0164644193455508,-0.634109443413584,-0.772595578920386,0.0316430909740271,0.00733942491292985,0.0349069499200971,0.999363616352538
-0.773177263885346,0.63397062525149,-0.0166782771593342,-0.634148752919426,-0.772559787161266,0.0317290786515633,0.00723033757895346,0.035108710878855,0.999357343815974
-0.773175725436645,0.63396870589899,-0.0168219361631495,-0.634151537446643,-0.772555503253905,0.0317776957340551,0.00715018528274374,0.0352373996325735,0.999353391207313
-0.773144277796768,0.634001098673969,-0.0170450165829656,-0.634191137415754,-0.772519224378368,0.031869251468447,0.00703753745472336,0.0354493278645174,0.999346695707014
-0.773137452860642,0.634004937237537,-0.0172110006270465,-0.634199966061659,-0.772506635369043,0.0319984586846457,0.00699156860432252,0.0356544228564735,0.999339722066137
-0.773110006238011,0.634033090437208,-0.0174057026662228,-0.634234621023696,-0.772475598372842,0.0320608080598396,0.006882132633904,0.0358258307533012,0.999334351506664
-0.773047801101144,0.634101751773439,-0.0176653788677659,-0.634312512871846,-0.772411415721092,0.032066195252074,0.00668829028154876,0.0359940725897416,0.999329622052461
-0.773037360093893,0.63410716926653,-0.0179258970166598,-0.63432667581027,-0.772395658987368,0.0321654213863844,0.00655043926446274,0.0362359471003333,0.999321793959876
-0.772965986220712,0.634181852467347,-0.0183565287275108,-0.634417402340095,-0.772324124271686,0.0320937170801631,0.00617606297631801,0.0364530529456456,0.999316281853275
-0.772908523771201,0.634248382023304,-0.0184771151060527,-0.634487766140793,-0.772262848804647,0.032177118792667,0.00613909598292903,0.0365934728736165,0.999311377521321
-0.772917961306712,0.634234585543641,-0.0185557427703773,-0.634476334263764,-0.772268650759201,0.0322631727172158,0.00613240154351224,0.0367099653343671,0.999307146024914
-0.77285902637676,0.634300747890633,-0.0187479751799661,-0.63454926726253,-0.772207045659187,0.0323033442680019,0.00601271690274879,0.0368624451127848,0.99930226026751
-0.77286900219096,0.634279802814022,-0.0190430353293238,-0.634538848835997,-0.772212768573488,0.0323711193806815,0.00582707218394803,0.0371021804517641,0.999294487844043
-0.772826223141426,0.634325726977039,-0.0192484004532512,-0.634592625116163,-0.772170496500252,0.0323252916882671,0.00564171721508224,0.0371967260603043,0.999292036692608
-0.772790158990857,0.63436688437065,-0.0193397564813667,-0.634636880681574,-0.772132122113457,0.032373070279658,0.00560355651770361,0.037291312854915,0.999288726114685
-0.772748695479113,0.634412299828716,-0.0195060878027189,-0.634688369309805,-0.772089044664192,0.0323910631563328,0.00548885217416926,0.0374104388583593,0.999284910106339
-0.772772361453234,0.634379432823421,-0.0196370207675879,-0.634660201807858,-0.77211039938747,0.0324339235821291,0.00541346609862701,0.0375268752810181,0.999280955495721
-0.772723412078607,0.63443311735238,-0.0198279608667912,-0.634720583917124,-0.772057330381492,0.0325155186966156,0.00532059935530003,0.0377107174520101,0.999274533354951
-0.772691089334605,0.634468124892428,-0.0199669466465725,-0.634760326174529,-0.772020784344988,0.032607312893834,0.00527340285847024,0.0378696056862987,0.999268774748544
-0.772677093320504,0.634479967363321,-0.0201315789846658,-0.634778218650526,-0.772004582481569,0.0326425757918167,0.00516938919429503,0.0380012584278237,0.9992643202743
-0.77266163849703,0.634488973012087,-0.0204385792351339,-0.634798428572268,-0.771983850298148,0.032739730619327,0.00499474496478676,0.0382711118849934,0.999254909679118
-0.772633565421183,0.634518763429335,-0.0205745580913842,-0.634833542055864,-0.771956189863546,0.0327110808773139,0.00487313711635917,0.0383350986364073,0.999253057411976
-0.772573282153293,0.634584277555139,-0.0208163008892125,-0.634908133419184,-0.771893491693847,0.032742932044169,0.00471018269876207,0.0385127532189479,0.999247007510375
-0.772515106200665,0.634650101719762,-0.0209680490001046,-0.634979391451618,-0.771831577371858,0.0328205515402138,0.00464576403933429,0.0386686508526668,0.999241288337169
-0.772446965492624,0.63472724761694,-0.0211425313966662,-0.635062812262948,-0.771759076634192,0.0329112763868993,0.00457274336821655,0.0388490510226739,0.999234627729006
-0.772383313729102,0.634797187953893,-0.0213669567014386,-0.635141223464569,-0.77169261287749,0.0329566000406993,0.00443203438418375,0.0390261629697462,0.999228360123488
-0.772320186786362,0.634864050183932,-0.0216602600707354,-0.635219324454809,-0.771626567756864,0.032997723723597,0.00423543639491064,0.0392438239193812,0.999220688017781
-0.77233567655054,0.634835330882725,-0.0219477878210808,-0.635201643702697,-0.7716379859435,0.0330709916157746,0.00405888711484608,0.0394831775833551,0.999211991583022
-0.772265334651328,0.634912069784019,-0.0222017237719253,-0.635288214054264,-0.771565116162574,0.0331082558401734,0.00389075566132844,0.0396728517201258,0.999205147533166
-0.772196960666336,0.634986104708663,-0.0224610944655477,-0.635372311233547,-0.771493774555009,0.0331569289984192,0.00372559463894594,0.0398748373010189,0.999197736834308
-0.772186404875069,0.634988949276947,-0.0227418209973063,-0.635386276913458,-0.771481124029216,0.0331836462232898,0.00352636302303161,0.0400738014515191,0.999190499955366
-0.77213388916701,0.635044037766609,-0.0229853713676438,-0.635450897564687,-0.771425397966027,0.033241723138118,0.00337845882926862,0.0402731358356749,0.999182996525611
-0.772076322700101,0.635106063303635,-0.0232043159961074,-0.635521418270813,-0.771363579241796,0.0333279993150152,0.00326785020213045,0.0404785989659386,0.999175061828912
-0.772086041955215,0.635085786501416,-0.0234347520107956,-0.635510416006241,-0.771371418484802,0.0333563471069468,0.00310724403682256,0.0406469990112706,0.999168737754476
-0.772050263746692,0.63511965123814,-0.0236942790522634,-0.635554746934046,-0.771333828602363,0.0333809601902331,0.00292470481665993,0.0408307906458332,0.999161795024695
-0.771953039153234,0.635227895088222,-0.0239588531418085,-0.635673788553998,-0.77123690782326,0.0333536588191575,0.00270922267310422,0.040977473238391,0.99915639756722
-0.771889332557648,0.635298587244504,-0.024136348705726,-0.635751309756445,-0.771166599477336,0.0335014625580332,0.00267028587854922,0.0412041368760289,0.999147180688425
-0.771793032463275,0.635407267843563,-0.0243540348344983,-0.635868913997281,-0.771070352373753,0.0334848607901359,0.00249784968722308,0.041329355932494,0.999142454850731
-0.771772471717663,0.635423596719581,-0.0245785400453288,-0.6358943019624,-0.771045364784857,0.0335780013630788,0.00238508502165276,0.0415439306727016,0.999133831472892
-0.771690146643314,0.63551570038802,-0.0247812859622629,-0.635994492681714,-0.770957706055784,0.0336930371402426,0.00230713071780217,0.0417613461651823,0.999124950701524
-0.771620885434177,0.635586924056251,-0.0251091841860658,-0.636079150485289,-0.770883160425452,0.03380040370146,0.00212684735941126,0.0420525259786045,0.999113137527041
-0.77155155641824,0.635658045038498,-0.0254370903687067,-0.636163820531568,-0.770808574873072,0.0339077328765004,0.00194659581594347,0.042343720667641,0.999101206127162
-0.771535578176811,0.635668229066082,-0.0256662066414899,-0.636183658598839,-0.770790870979586,0.0339379690955231,0.00179001094111451,0.042512771851798,0.999094319916947
-0.77146388982873,0.635736399601783,-0.0261284693712825,-0.636271792026591,-0.770728066085401,0.0337113455609268,0.00129358478433494,0.0426318938075709,0.999090010093578
-0.775587868610081,0.630675714451116,-0.0266758554960389,-0.631239437523036,-0.774862640924172,0.0335359540735025,0.000480187956533693,0.0428489311604387,0.999081447389518
-0.78493980830031,0.618983677580387,-0.0269945223060529,-0.619571915592431,-0.784220477006044,0.0335988817304986,-0.000372497783270634,0.0430981476803061,0.999070773725229
-0.800423690917919,0.598822552489775,-0.0270825709076009,-0.599432955723122,-0.799711890291091,0.0337790485373934,-0.00143059790862216,0.0432717362337201,0.999062315490352
-0.812016493260798,0.582985650189343,-0.0275126579185952,-0.58362821206132,-0.811323637400244,0.033646180789888,-0.00270642911288229,0.043378417086708,0.999055047618753
-0.816211206503657,0.577074168595367,-0.0280119674034213,-0.577743000310703,-0.815530505061379,0.0335115040892037,-0.00350599056361766,0.0435361832766594,0.999045699042776
-0.817179883918567,0.575652370116179,-0.029006656106184,-0.576363864074316,-0.816524763735551,0.0330455200583771,-0.00466192108053377,0.0437225226425684,0.999032836049751
-0.822533956783687,0.567947176349911,-0.029561711958807,-0.568687048523526,-0.821904680953421,0.0326762340005393,-0.00573853460158499,0.0436886747684098,0.999028712759351
-0.83079306327953,0.555768498211329,-0.0300709561294391,-0.556538709288151,-0.830185330248725,0.0325112673345199,-0.00689572842376009,0.0437457864912842,0.999018896264612
-0.838624245367704,0.543855886274594,-0.0304983613645861,-0.544652738224327,-0.838034513510827,0.0324275948756003,-0.00792274107822527,0.0438055833102167,0.999008659143983
-0.846230594411697,0.531862622179353,-0.0318736915045629,-0.532722191296445,-0.845692527227039,0.0317996272408851,-0.0100423095918857,0.0438896402451422,0.998985911560925
-0.85566811017576,0.516426296271312,-0.0337040909644254,-0.517362581976537,-0.855214980446142,0.0307131240852753,-0.0129631785768162,0.0437174763681683,0.998959828151855
-0.866599424957367,0.497744752070571,-0.0354344246428011,-0.498750398240012,-0.866237303842604,0.0296812009010314,-0.0159209584821533,0.0433946450348807,0.998931142703693
-0.879904043455973,0.473721011085376,-0.0368412535899353,-0.47478438529033,-0.879624504139552,0.0289917091895889,-0.0186724876305411,0.0430015740816415,0.99890049696263
-0.894318471963482,0.44584503037795,-0.0376388043405556,-0.44694712239731,-0.894095936599736,0.0288223166419209,-0.0208024153805832,0.0425988854681371,0.9988756651712
-0.909163699797632,0.414718555021445,-0.0378138478762163,-0.41584112833791,-0.90897172701789,0.0290956262137462,-0.0223052225484272,0.0421772403440623,0.998861130209813
-0.924667480498898,0.378972497816994,-0.0370121116145653,-0.380091916146619,-0.924458698201209,0.0301039964144165,-0.0228075818054336,0.041904190941679,0.998861278153134
-0.938699759884036,0.342832806101475,-0.0361721972548194,-0.343954002707879,-0.938463504425144,0.0313352019828707,-0.0232035517729714,0.0418559186097726,0.99885418218199
-0.948137176000764,0.316100390382281,-0.0334131513848304,-0.317151139760583,-0.947800720182168,0.0329992328809081,-0.0212379385501272,0.0418848185185876,0.998896697333516
-0.95289108993628,0.301268994274591,-0.0351505876028069,-0.302405147993227,-0.952596875817226,0.0333214443032964,-0.0234456219205426,0.0423814260264949,0.99882637006675
-0.956152722066371,0.290645001576044,-0.0360202046625213,-0.291816877046789,-0.955899570529482,0.0331499823863163,-0.0247968214843714,0.0422077495303317,0.998801093073019
-0.958843363036929,0.281612942586309,-0.0362430093660921,-0.282798807389482,-0.958603121185946,0.033239894579422,-0.0253818773757376,0.0421213321304627,0.99879004484448
-0.961703055596877,0.271669855359854,-0.0363692527333931,-0.272869869613564,-0.961467934922065,0.0334879735693022,-0.0258701973843671,0.0421295597586491,0.998777168882948
-0.964605773421731,0.261101002189701,-0.0369048579051061,-0.262330964081739,-0.964390272000461,0.0336729647465676,-0.0267986411112163,0.0421624231563116,0.998751301830531
-0.966991623078836,0.252089458849013,-0.0371228451572451,-0.253335905487569,-0.966785293520704,0.033869089489978,-0.0273517803104335,0.0421556754103017,0.998736591471721
-0.969207828882256,0.243196814585787,-0.0386198628773998,-0.244505163873974,-0.969059895003984,0.0337660292872784,-0.0292131695011649,0.0421690558371268,0.998683313897605
-0.971694501529579,0.232950806459657,-0.039290170106244,-0.234285676758146,-0.971584782356398,0.0336635167421738,-0.0303317879980634,0.0419157782138032,0.99866062812828
-0.975083893847432,0.21831999099671,-0.0393418541826106,-0.219662427101475,-0.974990595814348,0.0337898830047282,-0.0309809308965725,0.0415898978693242,0.998654325738391
-0.979214391699443,0.199144847843924,-0.0384773266471323,-0.200471858177301,-0.979095873208567,0.0343846643853877,-0.0308254629751128,0.0413835793905725,0.998667707593068
-0.98360179867136,0.176403965975425,-0.0375385460374558,-0.177718926903178,-0.983453210860397,0.0351534503108846,-0.0307161955790066,0.0412483070745726,0.998676670646027
-0.988584684499742,0.14633783146974,-0.0358547159140678,-0.147612857958154,-0.988391949066943,0.0359416079923698,-0.0301788955724081,0.0408239402849036,0.998710488661075
-0.993561415668052,0.107417310096823,-0.0360171457400333,-0.108724166739832,-0.993400510403675,0.0365305556548086,-0.0318554369366508,0.0402112847504644,0.998683274975751
-0.997176674343178,0.0657489355673491,-0.0362733733975515,-0.0670797419435209,-0.997069516699804,0.0367788946110551,-0.0337489017105476,0.0391082643411989,0.99866488638259
-0.999082834150648,0.0222958532375535,-0.0365566058861851,-0.0236482776780925,-0.999035780221778,0.036990117592732,-0.0356966310506776,0.0378206922870775,0.998646757250309
-0.999314711378086,0.000692706495149462,-0.0370084825552694,-0.00207168657159877,-0.999304357892273,0.0372358484831815,-0.0369569443823642,0.0372870011562336,0.998620981056724
-0.9992896198539,-0.0105455182026594,-0.0361807641998325,0.00919022099775142,-0.999257253238223,0.0374230101517184,-0.0365485360891378,0.0370639163694353,0.998644316367494
-0.999002360545718,-0.0257630972754457,-0.0364766561359302,0.0243863649326616,-0.998991590666029,0.037697572653021,-0.0374110789667187,0.0367704310191576,0.998623225532638
-0.998469047562965,-0.0412222268205943,-0.0368820969395066,0.0398196836769529,-0.998484547530272,0.0379868547676152,-0.0383921066180426,0.0364600652662595,0.998597371211345
-0.997944330836879,-0.0523026852166266,-0.0370343309601237,0.0508882942626604,-0.997975184931423,0.0381564118875066,-0.0389550260886892,0.0361933609964945,0.99858527255423
-0.997304223452978,-0.0632392624378913,-0.0372166840162323,0.0618126357330482,-0.997352219389976,0.0383112064757096,-0.0395409148425544,0.0359074666915169,0.998572566160923
-0.99637075868923,-0.0764689792455425,-0.0373872497275623,0.0750305423539915,-0.996438764186179,0.0384734576193266,-0.0401961309470489,0.0355286425333832,0.998559956445592
-0.995252275154647,-0.0898594372263497,-0.0373923834605553,0.0884137112814189,-0.995332793489189,0.038673580936525,-0.0406930517034973,0.0351839700200482,0.998552033594987
-0.994036547490779,-0.102497773878094,-0.0372229580050692,0.101050108467044,-0.994120862701341,0.0388919775884624,-0.0409904602488293,0.0348986631832474,0.998549881316207
-0.992650058297157,-0.115500496613181,-0.036131662634841,0.114090474952163,-0.992707639854557,0.0389217843833793,-0.0403636629636057,0.0345134329863705,0.998588803089468
-0.990522300399851,-0.132665724033261,-0.0355721531161261,0.131275182813486,-0.990580934486833,0.0389389086708752,-0.0404029551873677,0.0339001164883462,0.998608223135682
-0.987502140316427,-0.153413080422726,-0.0361102426699858,0.15199933484521,-0.987606678225342,0.0391056432157874,-0.0416620340008618,0.0331281735071036,0.998582394719131
-0.983945551528124,-0.17465793944483,-0.0366845446598679,0.173217243330589,-0.98409675494011,0.0393619553540834,-0.0429760193708952,0.0323756251712787,0.998551391093018
-0.980229465597827,-0.194434396746757,-0.0366805143846588,0.19299107660706,-0.980405065533174,0.0395012889275877,-0.0436421713924369,0.0316413153743185,0.998546037014586
-0.976147611422431,-0.213985502624716,-0.0366884911209182,0.212541355473052,-0.976349327933361,0.0396000259817177,-0.0442946151124473,0.0308576491412189,0.998541833155485
-0.971342270344036,-0.234832707549233,-0.0367123045856546,0.233387296121181,-0.971572463637522,0.0397154618575671,-0.0449951536516764,0.0300091213868679,0.998536373289151
