0.773335063194294,0.633345546092872,0.0287454218719918,-0.112984317116073,0.093059662638963,0.989229216751778,0.623848879232857,-0.768253420710799,0.143524414111552
0.773427778302818,0.632595391051152,0.0404047394547617,-0.126728996044227,0.0918580447267908,0.98767497750049,0.62108713825935,-0.76901571560002,0.151213742262401
0.772854871002845,0.632452255930113,0.0519566389991352,-0.141476352103571,0.0919101925732282,0.985665743696421,0.618611178497966,-0.76912720694958,0.160510278073695
0.772040231371927,0.632430900971881,0.0631271466096471,-0.156327197142802,0.0926820277387912,0.983347267839649,0.616048446614921,-0.769052142074984,0.170420404274907
0.771078182772954,0.632584892927759,0.0726277446375345,-0.169060045314827,0.0934238114810324,0.981168024614798,0.613886909071783,-0.768835707214443,0.178981893448359
0.769577362077325,0.633180477321162,0.0826629718643795,-0.1821445136411,0.0935960606965016,0.978807005273534,0.612024558272422,-0.768324319907578,0.187359759580346
0.767630245351777,0.634165150606536,0.0926194805500479,-0.194901537727495,0.0933213401361809,0.97637314489218,0.610538448431079,-0.767545235951196,0.195236046251695
0.76593312024937,0.63508006473064,0.100098784641923,-0.205158508639221,0.0938776930214753,0.974216077205615,0.609308166396936,-0.766720477184933,0.202196113284389
0.765182524112943,0.635236866482422,0.104736947892033,-0.212954476216237,0.0962031669685047,0.972314425340228,0.607573942702955,-0.766302208092097,0.208889516303627
0.766266985561042,0.633390717816269,0.107940286378094,-0.219807577002642,0.100556850817929,0.970346818846648,0.603754532845445,-0.767270824636107,0.216277473932924
0.768904671993627,0.629408803288964,0.112384001213372,-0.228722240220795,0.106638300570277,0.967633406657637,0.597052545606125,-0.769722567678665,0.225954479024888
0.77135038029041,0.625542571913423,0.117111406574163,-0.239663029470438,0.115047270427859,0.964015434457432,0.589559346572414,-0.771660946459673,0.238661183643403
0.774529427004613,0.622414959919925,0.112711065879902,-0.236186342129633,0.119276194258568,0.964359477204749,0.586788018363813,-0.773545607673568,0.239388835064629
0.777590261322855,0.619450639413387,0.107862369833972,-0.229126521580463,0.119406839443449,0.966045052677444,0.585537720906426,-0.775901354570588,0.234782165786151
0.778305626368659,0.619037658258955,0.105036801265838,-0.224243618769236,0.117793697070305,0.967387949259131,0.586476897587763,-0.776477316209417,0.230494741823006
0.779404215535503,0.619090609704586,0.0962075141612701,-0.212047434325037,0.116166486867635,0.970330476139445,0.589546397157727,-0.776680220106341,0.221817224971165
0.78042313907768,0.619549766349814,0.0842485074528408,-0.19585564654794,0.114270501194016,0.973952164262782,0.593784716633419,-0.776595351243335,0.210521663302881
0.780623834200731,0.620977347713574,0.0708065187985129,-0.180158368283922,0.11508683761532,0.976881764670106,0.598472548923528,-0.77533357558816,0.201713794150663
0.780443252287305,0.622667527622436,0.0565108839408635,-0.163767560581482,0.116358261348839,0.979612648508106,0.603397477671564,-0.773786730992745,0.192783761969613
0.779297642591222,0.62549437432552,0.0381047495581626,-0.142017839631344,0.117059919650241,0.982918057845071,0.610349176683486,-0.77139727955095,0.18005587916862
0.777910222418057,0.628031966047636,0.0207734320667169,-0.120911768139761,0.117162210639595,0.985724789544912,0.616632816336275,-0.769317142679392,0.167078136800749
0.776179654081519,0.630511349212284,-0.00076361272765673,-0.0965997739422803,0.120114040953405,0.988049138879309,0.623067916253271,-0.766829874014014,0.154137328559496
0.77454274460132,0.632236558478996,-0.0189860714232893,-0.0767513399981951,0.123736785675258,0.98934242791828,0.627847727234827,-0.764830793047319,0.14436443264417
0.77252676841442,0.633970609240385,-0.0358281830762957,-0.0587703328012076,0.127568492113145,0.990087030418243,0.632256625165454,-0.762763099814978,0.13580873865491
0.770485893430372,0.63510925705841,-0.054660036804933,-0.0375562904068401,0.13082466811347,0.990693914013747,0.636349756875635,-0.761262857239019,0.124650908992297
0.768418726711574,0.635699595699383,-0.073611714194174,-0.0133723875325319,0.130952995897443,0.991298387024394,0.639807658355731,-0.760747879979383,0.109127555714545
0.765271914797847,0.636144330746421,-0.0983833668910835,0.0188592600062027,0.130615662803844,0.991253689497462,0.643430823580637,-0.760434046508638,0.0879592870414693
0.759261472979324,0.638599581840063,-0.125349869257869,0.0529376624819322,0.131369780633246,0.989918978819642,0.648629030756578,-0.758243071059717,0.0659380440240165
0.748865770885838,0.644541818336599,-0.154161933079833,0.0875947199555656,0.134313036947195,0.987059862998151,0.656907316317505,-0.752679116570516,0.0441239758766341
0.736661326861745,0.652436554144512,-0.177923107893066,0.115249049417132,0.138129788070835,0.983685833107275,0.666369076499458,-0.745148780085925,0.0265621802892484
0.720974917734296,0.662507647429078,-0.203171811765348,0.145570145895433,0.141852440869559,0.979125741487441,0.677498708944901,-0.735500851200961,0.00583071699324853
0.707096642200862,0.67057771461262,-0.224365476963776,0.172448275585401,0.144183329182692,0.974408928445043,0.685766673757109,-0.727692721037329,-0.013688422604522
0.69635029735558,0.676432212196383,-0.239866057782054,0.191549116930889,0.146927242121498,0.970423269159168,0.691668417072655,-0.721700663589607,-0.0272571641688844
0.689215863526304,0.680581247431383,-0.248577269894965,0.202220151955366,0.148760306297951,0.967975919851981,0.695764689824686,-0.717411692764261,-0.0350992803099672
0.682553710037871,0.684764956561014,-0.255376951151684,0.211381096749744,0.149524771075684,0.965898739398515,0.699598788485525,-0.713259628116408,-0.0426876802933864
0.675696325605074,0.688750326664055,-0.262787867079056,0.221206136609771,0.15061324892574,0.963526592458253,0.703208589744168,-0.7091816669713,-0.0505869799635087
0.6708564074124,0.690816925385019,-0.269673239746398,0.229307168056281,0.152587427708123,0.961319561635686,0.705244569856257,-0.706745394400988,-0.0560450192368149
0.670040630857239,0.689880396679432,-0.274063115500542,0.232727975584504,0.155357253721708,0.960053026189902,0.704899455511758,-0.707056689377506,-0.056458795822697
0.670766700894021,0.68721081888565,-0.278950395909855,0.235895249104004,0.158901436765603,0.958698995954407,0.703153940771089,-0.708866435797564,-0.0555239748014142
0.670691294721491,0.685489985527168,-0.283331373001249,0.239218427954132,0.161669886412852,0.957411819205513,0.702102364981037,-0.709905858244048,-0.0555512512803977
0.668839223004727,0.688168163306744,-0.281209304222774,0.237024509610259,0.161124921513478,0.958049133140515,0.704608739382681,-0.707434335241299,-0.0553460541254018
0.662967204151439,0.695263833058248,-0.277637693155626,0.219435527253076,0.174098817854304,0.959967526013718,0.715767095917932,-0.697350560380421,-0.0371437792681934
0.66268351037209,0.689194572048002,-0.293021171488505,0.22189557747036,0.193003163630416,0.955778285758652,0.715271219734179,-0.698398611602445,-0.0250292135665061
0.670200564769096,0.679243408087489,-0.299097969824069,0.224738842621507,0.198345578061038,0.954018597450164,0.707335603232533,-0.706602734380024,-0.0197210589559101
0.678771868640593,0.674730061160743,-0.289841499630708,0.216293778690464,0.193490007424106,0.95696322725945,0.70177329077271,-0.712250631163665,-0.0146043406219624
0.685138315785434,0.673244677527336,-0.278077493558562,0.200631671794735,0.192571698123889,0.960553524461044,0.700237402968128,-0.713903176392146,-0.00313595625867476
0.68942350265506,0.671942166291767,-0.270534580314524,0.187256054978389,0.195458026996451,0.962668857685023,0.699735952957085,-0.714345774007085,0.00892811836051196
0.692936268896705,0.670693815315588,-0.264592390943001,0.17830871684299,0.196168786984281,0.964221866849598,0.698602411064635,-0.715323432518841,0.0163419137234284
0.698524286840229,0.668337079396958,-0.25571345095144,0.166662842584146,0.195574110070734,0.966423439477651,0.6959075496042,-0.717688174469376,0.0252263083048889
0.706784220621214,0.665097439512858,-0.241042447370385,0.149057333887522,0.193070654209851,0.969796697095492,0.691547523092382,-0.721366147276417,0.0373216407513337
0.714153533234421,0.66519833064377,-0.217935568179072,0.126410418153864,0.183664102476103,0.974827114745899,0.688480309922484,-0.723725554592616,0.0470763685797063
0.719563878962737,0.666203658664793,-0.195960478856694,0.104439982807588,0.175158375478059,0.97898510381468,0.686527577074112,-0.724908427790388,0.0564593414345001
0.724715820024239,0.667004274873025,-0.172893833052849,0.0783258733206472,0.16954575170206,0.982404853229229,0.684581651649498,-0.72550639926943,0.0706287961383499
0.72882196880057,0.667906654127756,-0.15072902562389,0.051434166101517,0.166110484504837,0.98476486203307,0.682768675578415,-0.725470887292822,0.0867117485665163
0.732240043225127,0.668972330935366,-0.127673566334489,0.0234371398478757,0.162603534121917,0.986413093570242,0.680643239570787,-0.725283469502764,0.103386020779499
0.735287125891978,0.669685504436357,-0.104279277161562,-0.00430780561504322,0.158474391996509,0.987353690372463,0.677742049240195,-0.725539242377116,0.119409055194916
0.738643707566851,0.669153135402243,-0.0814834624524739,-0.0311503626503705,0.154631849715565,0.987480959796337,0.67337591891799,-0.726858357890236,0.135062205618238
0.743153824257388,0.66656183794801,-0.0584611809921041,-0.0583792116055979,0.1516274850291,0.986712203956179,0.666569022040426,-0.729866030155618,0.151595899947688
0.748496283486577,0.662177513083009,-0.0356967053659559,-0.085880108521959,0.150170383157724,0.98492307465229,0.657554500073598,-0.734145623966706,0.169269850367681
0.74899030757189,0.66237529476414,-0.0165072120445952,-0.110064565461442,0.148947192278069,0.982700628544759,0.653375321383621,-0.73421638690416,0.18446405234693
0.74741139890064,0.664358748110668,0.00191170139288366,-0.132389516599664,0.146118738278897,0.980368466556474,0.65103703173314,-0.732991656250335,0.197164944093756
0.745702248526345,0.666078916156032,0.0163411748402432,-0.149414515636762,0.143273601374199,0.978339397993508,0.649309986878214,-0.73199149762936,0.20636130533252
0.745342175590657,0.666156427412387,0.0264698980533135,-0.161013280005616,0.141340289077124,0.976779220881274,0.646946493110227,-0.732296754670373,0.212606909933848
0.748726381680156,0.66200332836814,0.0340646239616275,-0.168959766020409,0.140897462567944,0.975500129425027,0.640984713423394,-0.736138233127054,0.217345574802225
0.754162446953698,0.655388880377557,0.041284610719538,-0.175578692511128,0.140662436566257,0.974364511707671,0.632780472471216,-0.742077822345269,0.221154650058301
0.759332921598666,0.649149758297305,0.0449233288947376,-0.180161037901722,0.143396848351129,0.97312863707998,0.625264355771708,-0.747022044644945,0.225837442014998
0.764137227780052,0.643554247117171,0.0439571170354469,-0.182716344471584,0.15059056017579,0.971564316269841,0.618634815204866,-0.750440146982684,0.232659732684985
0.770706556729412,0.635880683651767,0.0408308654433758,-0.183183194199292,0.159737456369412,0.970014361953253,0.61029117704358,-0.755075957232908,0.239593359740144
0.778541561792542,0.626468013469649,0.0375614784190138,-0.185594273666919,0.17264746889328,0.9673404866265,0.599522978828734,-0.760085968548385,0.25068210600716
0.783412676146858,0.62085214151414,0.0284112166181697,-0.172408885571619,0.173177202265395,0.96968285165382,0.597109500031922,-0.764560184022708,0.242709641297565
0.784042194120311,0.620446941507127,0.0179841767523612,-0.15384895334014,0.166182029059422,0.974019523815533,0.601338787535905,-0.766439251338386,0.225748835241077
0.778838086636384,0.627218996295534,0.00275054369175519,-0.132072683674642,0.159708824922501,0.97828927085441,0.613162328451084,-0.762292215576086,0.207225811714053
0.773428688137533,0.633616615145472,-0.0183861191514451,-0.108002629823583,0.160304680910799,0.981141091397806,0.624614678275372,-0.756856917977026,0.192416499794773
0.770072910600359,0.63705393628266,-0.0339115706840527,-0.0890814805074627,0.160013548713091,0.98308705314374,0.631705787681331,-0.754027815465061,0.179971807000148
0.767506610730137,0.639239010877356,-0.0480321710739579,-0.0688437954919748,0.156688747677622,0.985245739992556,0.637333613037786,-0.75287590167554,0.164267289404934
0.763164015250661,0.642964679707535,-0.0646305382545708,-0.0454872610341066,0.153218287861989,0.987144905952645,0.644601888695732,-0.750413603896696,0.146177385996154
0.756733754800029,0.648350957173396,-0.0836364793531622,-0.0178877406675228,0.148427010267623,0.988761574575402,0.653478425871936,-0.746733191277418,0.123917262577019
0.74985676772577,0.65323014026481,-0.104905727896423,0.014848286350139,0.141907569482967,0.989768543709034,0.661433561507372,-0.743742311269874,0.0967110031931241
0.744095661277912,0.656060814141087,-0.12611841664056,0.0484512842522778,0.135287824470219,0.989620976740298,0.666313829904268,-0.742483274356163,0.0688800942192866
0.741197098917953,0.655512272247022,-0.144673845214526,0.0771635181512526,0.130891063435122,0.988389255799225,0.666837800384871,-0.743754791881282,0.0464344433744957
0.739404496949835,0.653476667309786,-0.162016157132732,0.102060728215211,0.129069082091269,0.986369494562914,0.665480726728088,-0.74586152691355,0.0287399551781857
0.735835760009022,0.652997209790967,-0.179277378096508,0.125640931725313,0.128495924481194,0.983719042037369,0.66540220210572,-0.74638022575423,0.0125087183965145
0.729212184589342,0.654000350067113,-0.20132841815932,0.155403562073856,0.128252293256923,0.979490215453477,0.666407775120607,-0.745543353123367,-0.00811084905350462
0.717244090779692,0.658088529366839,-0.229086013884316,0.192043635364066,0.129342171518649,0.972825701132014,0.669835917488581,-0.741747996412954,-0.0336118053606357
0.701548509512714,0.665327284470505,-0.255282771333267,0.225894823881243,0.132130170859064,0.965149287153246,0.675870710523953,-0.734766100529861,-0.057598265321014
0.685079023766694,0.67408721755945,-0.27617594811611,0.254170140803633,0.134106287123809,0.957816810918314,0.682688999998342,-0.726375885390494,-0.0794594387372596
0.670431893633539,0.681648244223434,-0.293047346253226,0.27818162953421,0.135223949417351,0.950962388579941,0.687848862024675,-0.71907590326132,-0.0989635708747274
0.660646987373665,0.685079907002697,-0.306938233355307,0.29614866499213,0.137866740958438,0.945139529361078,0.689812674787497,-0.715302930763375,-0.111804252798564
0.65172522723674,0.687741805935943,-0.319789675491858,0.31281657516493,0.140365230366845,0.939384581737505,0.690941400181886,-0.712256141056032,-0.123657474673656
0.646543153183892,0.688700087970073,-0.32813737961568,0.323356773539191,0.142180583217246,0.935534648616677,0.690957558810494,-0.71096896597954,-0.130769955787357
0.64535627933293,0.6868462732481,-0.334301465223762,0.329323802291465,0.144709070335336,0.933062226331651,0.689246767108741,-0.712250996410591,-0.132805919078448
0.648081710434142,0.682054648747764,-0.33880902101674,0.330690480872402,0.14872353850772,0.931946948572784,0.686027625144307,-0.716018690548862,-0.129163974557754
0.650673717216769,0.676157065246765,-0.345594179407286,0.333503964805229,0.15441133286738,0.930017336258477,0.682201450586633,-0.720394866305279,-0.12502966615365
0.654158403225841,0.666603206516507,-0.357375081043616,0.338838810713413,0.164150182647257,0.926414042365072,0.676213756029364,-0.727114078118959,-0.118490816344041
0.658806791953568,0.658442102838624,-0.363906042935948,0.338824083041098,0.172191867697801,0.924958486338768,0.671693271982986,-0.732669064385958,-0.109654869771468
0.662772581752569,0.659717983690393,-0.354266406638447,0.322846441841373,0.1751239480971,0.930108476358135,0.67564982044503,-0.73082404503298,-0.0969202524461903
0.666544223945674,0.664749291896261,-0.337382833659449,0.297632949229744,0.177634711654845,0.938008814856292,0.683471597842562,-0.725640605354138,-0.0794499012196765
0.672928207574847,0.655520941383006,-0.342724266515288,0.298106568860146,0.183703633598017,0.936688554753029,0.676978656275467,-0.732492505361812,-0.0717957417695613
0.679475416415154,0.649118141324149,-0.341992393323794,0.294309341961187,0.18583820195233,0.937467958881529,0.67208271047679,-0.737637987971747,-0.0647690433707768
0.686998565404723,0.645800094442682,-0.333129418018998,0.283142764369251,0.184304054788191,0.9412025235697,0.669225781121135,-0.740927967758307,-0.0562370027326637
0.693480165457196,0.644111036267781,-0.322809902381427,0.268042991549875,0.185235400447832,0.945431542260954,0.6687587119421,-0.742164954291818,-0.0441923729004139
0.704432688480499,0.640840195456001,-0.305120355414143,0.242734397947913,0.186452666336407,0.952005995395465,0.666974211984994,-0.744687348559085,-0.0242106060031233
0.713751958831351,0.638395847380315,-0.288112622618276,0.220792686981894,0.185297347105322,0.95755703878727,0.664686941830309,-0.747071372228451,-0.00869679003850656
0.719738079913571,0.63832644307835,-0.272977010733997,0.207783907399232,0.177112714213038,0.962006722580461,0.662422028731107,-0.74911310129448,-0.0051591976831004
0.72729781491797,0.638045703941372,-0.252854836017638,0.189745383510846,0.167130173461506,0.967504105704493,0.6595715107946,-0.75164165983578,0.000487183173611274
0.735339790381924,0.637929890808967,-0.228737506967109,0.161393884941873,0.162965304246627,0.973341832818859,0.658200126545445,-0.752653814196317,0.0168768892660372
0.744153007338909,0.638061683838979,-0.197771558331894,0.124136627167151,0.158817305384144,0.979472899730301,0.656373673652458,-0.753428398142178,0.0389775500627086
0.751427662567379,0.638421191361626,-0.166657884148718,0.0881045449947423,0.153236631231014,0.984254095241793,0.653906764821864,-0.75427907121262,0.0588984350457029
0.756916238287407,0.638870867620081,-0.137556616428318,0.0549634445630807,0.147508515091049,0.987532408449159,0.651196458819153,-0.755039901251583,0.0765370468426747
0.76152798909708,0.639161327666816,-0.107461244348609,0.0211929817278485,0.141156595085529,0.989760412013607,0.647785442370576,-0.756007680436551,0.0939489636648834
0.764855967631669,0.639461568138343,-0.0780016131389306,-0.0115874394680686,0.134719542247297,0.99081601530418,0.644097104499624,-0.756927703159774,0.110450768057411
0.767613838379257,0.638893783220321,-0.0508303933792619,-0.042913136341885,0.130366102214537,0.990536794936308,0.639474360594675,-0.75816845961555,0.127487760142759
0.770022074758953,0.637533358771003,-0.0248439296022587,-0.0737939167433807,0.127672166538863,0.989067376745864,0.633735325065276,-0.759770382645597,0.145356470165501
0.770806525862936,0.637066532695369,-0.00187952297474313,-0.100698860420725,0.124750784586122,0.98706483133334,0.629060441608818,-0.760646747619845,0.16031059272011
0.770572763150795,0.637017274257265,0.0206545149541854,-0.126994364529845,0.1217014198508,0.984409059174061,0.624571891832967,-0.76118181579971,0.174677403312642
0.770000097127022,0.636697606475578,0.0414247309302861,-0.151686338464048,0.11960778305074,0.98116524243221,0.619750841183575,-0.761780897727133,0.188676333201321
0.773535265565079,0.63137361382147,0.0548685036900042,-0.167358468382846,0.120000638933125,0.978565782007623,0.611256358648081,-0.766137850798183,0.198490447091618
0.780215444602619,0.622107272455648,0.0651644194429209,-0.179037094084432,0.122282972989811,0.97621339545131,0.599340953836247,-0.773323616653835,0.206787342407827
0.78730641382504,0.612776342932104,0.0682185040345526,-0.18296202696768,0.126535615944722,0.974942887858242,0.5887898669626,-0.780060184498764,0.211737103791282
0.793102330268928,0.605122513717674,0.0693933506468744,-0.186034359703396,0.1321749891144,0.973612340340013,0.579982681406735,-0.785083763457512,0.217401871251478
0.797492993899098,0.59855522128703,0.0757401594392872,-0.198670971108459,0.141994499308048,0.969725428874112,0.569679532650312,-0.788396606560614,0.232155165445512
0.799504946927524,0.594637246576076,0.0848432956858778,-0.215466231502895,0.152070294235967,0.964597806701284,0.560683638891274,-0.789481583442838,0.249705199153385
0.803596298339258,0.588655335887853,0.0878514930220423,-0.221528135449105,0.158827064954566,0.9621326564681,0.552411327273334,-0.792627818694674,0.258036560454981
0.800194457553647,0.594988286997875,0.0753509683797135,-0.199599743059772,0.145725486168205,0.968980920994585,0.565551741815813,-0.79041319638299,0.235368235564458
0.794344473076259,0.605085324258635,0.0537457762063547,-0.172958926328276,0.140466629330789,0.974861187989253,0.582324710017163,-0.783671408443149,0.216233798681334
0.791127459175823,0.610603110436492,0.035793642777573,-0.154631893484295,0.143043871106839,0.977561981899988,0.591782325568676,-0.778910965684815,0.207584649433622
0.789867443197303,0.612935340767299,0.0204863421681646,-0.138011201167431,0.14510370491814,0.979743753831252,0.597546927470371,-0.776695038517373,0.199204635019411
0.788130754223208,0.615507385513533,0.000756720458727433,-0.114190649653583,0.145007916538244,0.982819006568825,0.604822626709064,-0.774676295312779,0.184570386847991
0.784461779251024,0.61983994932305,-0.0204488170199781,-0.0868008271408584,0.142382613247497,0.985998381262605,0.614072742679548,-0.771703070272506,0.16549633841873
0.778755277479998,0.625725069750023,-0.044814672634995,-0.0551907421220547,0.139498309761559,0.988683065273036,0.624895351063737,-0.767468799795795,0.143169275890232
0.771335288873799,0.632529929484001,-0.0703403187719377,-0.021981483061825,0.1369352579911,0.990336079076853,0.636049279962157,-0.76233498111124,0.119526942710623
0.763695749693228,0.638380959032251,-0.0961173920035372,0.0107275683981773,0.136316698484943,0.990607226397238,0.645487196756654,-0.75755363431194,0.0972562078430519
0.757691487374633,0.641367107395753,-0.120631022174321,0.0417465175388443,0.136831563395988,0.989714277724632,0.651276314810694,-0.754934008248015,0.0769012675915675
0.751869796111985,0.642062571768399,-0.149824776417895,0.0789096209979201,0.13797764227575,0.987286909639742,0.6545724416812,-0.754133823778098,0.0530763075706862
0.746176141148711,0.64333239463153,-0.17130264562487,0.107577122426524,0.137413351484331,0.984654626538805,0.656999489429671,-0.753154035275324,0.0333267165746648
0.736143031169208,0.647166999071096,-0.198162339949657,0.142905056029592,0.137563050197649,0.980129864957445,0.661567519322247,-0.7498341700227,0.00878264448662169
0.719865518020464,0.6555648684109,-0.228097214517251,0.179867092428935,0.141211202730156,0.973502555356002,0.670403956601012,-0.74181810407195,-0.0162614711759901
0.696926828535578,0.66868589557458,-0.259137354943208,0.215526412654441,0.149343762518827,0.965010262144931,0.68398929897744,-0.728392485996623,-0.0400377974919945
0.677030300098604,0.679386933899603,-0.282954708027434,0.242829983983737,0.156724173205909,0.957324987875791,0.694739930928728,-0.716847911051864,-0.058868504259299
0.660748072540951,0.685709155301809,-0.305311216578587,0.270714474297121,0.161675062495345,0.948986220960642,0.700089749988851,-0.709692981860752,-0.0788049075765154
0.654673749611061,0.686034114110702,-0.317426331369245,0.286802183320254,0.163096749442416,0.944004215013924,0.699390298197601,-0.709053343971849,-0.0899809212522838
0.650343833461818,0.685277736154415,-0.327791584103782,0.299821949008222,0.164920112922791,0.939631925408266,0.697968263727728,-0.709362940027609,-0.0982065280125952
0.65064923357857,0.682858520290592,-0.332204479364988,0.302705018218409,0.167981407556815,0.938164121388484,0.696437539761473,-0.710975729530744,-0.0974077267428686
0.653048168520391,0.678687648728931,-0.336022566288275,0.302686944475449,0.172807677014945,0.937292974692981,0.694196444269402,-0.713807104354876,-0.0925781536661141
0.658077199931682,0.670682439324219,-0.342227211823069,0.3033341909354,0.179852951509206,0.935757064864057,0.689146405011043,-0.719609603476456,-0.0850837883783656
0.666163523117114,0.657754568196708,-0.351546708823389,0.305166469704764,0.189701787376175,0.933213082652733,0.680514207225777,-0.728952783026889,-0.0743522284886445
0.676702382516668,0.645716945457482,-0.353728019593197,0.299623799670418,0.197335429835619,0.93342611212814,0.672532128724962,-0.737637007260787,-0.0599348091848332
0.682878685533879,0.646160539419385,-0.340812643751331,0.28117124144797,0.198112327116068,0.938985750066137,0.674254724734007,-0.737040068884932,-0.0463950755141608
0.688063837582076,0.650162275590431,-0.322268786591099,0.257368927716192,0.196587594945704,0.946104937393143,0.678475784724884,-0.733922566019424,-0.0320667527108568
0.694081185856635,0.643590658457863,-0.322555997906755,0.252885108155504,0.201531100703869,0.946273923091125,0.674018122540506,-0.738360535101153,-0.0228755479084547
0.697884059142761,0.640355990547844,-0.320783486738195,0.247323233161244,0.204866958788959,0.947027321430187,0.672152555848071,-0.740252480283621,-0.015401529172593
0.700474855313046,0.64033283964038,-0.315133037862193,0.238899991152586,0.205705023751469,0.949005920651027,0.672504105044321,-0.740040064916417,-0.00888431297532076
0.702645598569211,0.641033037304367,-0.308813548756613,0.227710453680601,0.208600383139468,0.951122405076572,0.674119508763758,-0.7386220449177,0.000602217323966722
0.706612906011811,0.639066730333818,-0.303795844668729,0.217714488290331,0.21215188228115,0.952676220146722,0.673274537351609,-0.739314069273004,0.0107751718765559
0.713036848012823,0.634981394291574,-0.297282832130392,0.20506853560075,0.216588626736179,0.95448219599692,0.670466516003971,-0.741544331562224,0.0242209670622948
0.719645421819448,0.632912572493461,-0.285538337940844,0.188657564987964,0.217531567260435,0.957647294372011,0.668220614787604,-0.743035458659227,0.0371418517032965
0.724518467980822,0.635538522900348,-0.266765394053214,0.166695721757725,0.21397660549136,0.962510544695521,0.668794083333873,-0.741825315159869,0.049088449614624
0.72743468785775,0.638013977998239,-0.252540964558546,0.15089661576909,0.210289821014338,0.965923600771404,0.669379553206352,-0.740753909916526,0.0566979602159173
0.730077012252935,0.640559066005092,-0.238058058335593,0.133818108365847,0.207607002183714,0.969016019742543,0.670134516386983,-0.739312799566581,0.0658506973676785
0.732779051483634,0.644086351194578,-0.219516819199808,0.111306395380549,0.204797464148123,0.972455081238146,0.671301532885287,-0.737028337910662,0.0783803614594357
0.737660372580868,0.646849330702461,-0.193502243123004,0.0797797340948242,0.201082075970594,0.976320230637017,0.670441920490967,-0.735630302593045,0.0967248114769448
0.741521334790247,0.649651616493529,-0.167627227019469,0.0508157662080928,0.194744475270757,0.979536802400095,0.669002143461123,-0.73486554317022,0.111394638585352
0.744248076070136,0.65136517693405,-0.147709876256044,0.0298038280478112,0.188546070850536,0.981611996157607,0.667237988351682,-0.734965159340563,0.12091187475142
0.746781663876989,0.652517346118564,-0.128601164502905,0.0107354497552379,0.181512937826768,0.983329956586318,0.664982628807453,-0.735713372459603,0.128545466541797
0.750099815103853,0.652259698752366,-0.109121733695166,-0.0101804552080133,0.176374025815952,0.984270573241542,0.66124626706918,-0.737190266078539,0.138938424800808
0.752857136122721,0.651622145355355,-0.0927076710503531,-0.0295065404081576,0.174126404861233,0.984281138294972,0.657522240431637,-0.73828759627437,0.150319421649951
0.754363633748442,0.652125453977239,-0.0752854591061724,-0.0500216703464392,0.171453980701062,0.983921422166178,0.65454819576071,-0.738468634930923,0.16195905238566
0.754747978316796,0.653167491562128,-0.0610550341343607,-0.0680877995578488,0.170562250603491,0.982991643006411,0.652471869721662,-0.737753852335256,0.173204251063332
0.755597172678203,0.652899340425736,-0.0528712011623172,-0.0767862148954176,0.16844375712555,0.982715919219519,0.650520399251817,-0.738477590693901,0.177409295698366
0.758197609677278,0.65021385297268,-0.0485626408063318,-0.0810946417140667,0.167939252036951,0.982456139840623,0.646962165636393,-0.740957726883047,0.180059998909748
0.763310290292956,0.64417669861023,-0.0489262884399616,-0.0824972123523818,0.172307019586815,0.981582651107484,0.640743014544031,-0.745215855956336,0.18466650303803
0.770814882012972,0.635090556933901,-0.0500440022451965,-0.0845560611648936,0.179852821086795,0.980052669639444,0.631422750768144,-0.751207659199844,0.192333987043067
0.778884410769233,0.62550163256687,-0.045681312556068,-0.0958217532885103,0.190668071099194,0.97696667203136,0.619804216069383,-0.75656684722468,0.208445051327985
0.787433171090259,0.615076033084117,-0.0403791356054915,-0.107813158252601,0.201930535736921,0.973447677918336,0.606898116634367,-0.762171589776545,0.225320091787558
0.793768207861485,0.606869266407124,-0.0405182141616127,-0.106618673804203,0.204421517987326,0.973059248648299,0.598802547242914,-0.768063497683776,0.226966898337981
0.796113882319752,0.603811264783988,-0.0401826193488318,-0.102944178038222,0.200565114804198,0.974256706895886,0.596326406077921,-0.771482722582651,0.221831526548083
0.794471527365375,0.605821203149586,-0.0423752524490009,-0.0977034300669166,0.196371460743805,0.975649675425819,0.599390550441771,-0.770985680294863,0.215202343903081
0.788300065839606,0.613166646024768,-0.0510849331996311,-0.0893123122308245,0.196176631540035,0.976492724049489,0.608774438590566,-0.765206765155891,0.209409382498493
0.782262176289015,0.619665152940112,-0.0638825937112944,-0.0784645284505018,0.19974345646671,0.97670152522343,0.61798803008037,-0.759024143114328,0.204873484977792
0.780475633172364,0.620595417727504,-0.0756248207920025,-0.0622683725514478,0.197526536610471,0.978317901867521,0.622077515912602,-0.758844249388698,0.192808115404179
0.779712365253694,0.620459484162436,-0.084134748964828,-0.0511755936154204,0.197071032252809,0.97905263743321,0.624043016216512,-0.759073801918955,0.185411103097155
0.776885235335439,0.622766718754706,-0.0927951783731102,-0.0386865059865701,0.194311364721927,0.980176743140978,0.628452611874875,-0.757894918541746,0.175050298703685
0.772078479708503,0.626493871758687,-0.106771952402385,-0.0182294937036053,0.189767744812005,0.981659762131604,0.635265697744116,-0.755971978103538,0.157936258002736
0.768088895097449,0.628652777581802,-0.121799566775359,0.00443525960721187,0.184982303840881,0.982731843250201,0.640327867346251,-0.755365628357821,0.139294615098352
0.765398669676063,0.62905759227492,-0.135836011644171,0.0260225873263603,0.180646153874676,0.983203840533147,0.643030093702432,-0.756077716039541,0.12189661972949
0.761743581570802,0.629546914859576,-0.153027441743229,0.0507097177142054,0.177538114479392,0.982806564099187,0.645891043803082,-0.756406570501534,0.103314372848481
0.756461356920673,0.631693560145302,-0.169497674192561,0.0740601916577139,0.174757084740771,0.981822310474014,0.64983175014565,-0.7552636674724,0.0854136353211997
0.746680217998208,0.636830042572785,-0.192135756502778,0.102763798128057,0.174941311401077,0.979201276224438,0.657197271634969,-0.750894822489819,0.0651821425970166
0.734648949938864,0.642313575743194,-0.218458670621508,0.135318485075739,0.176804118457143,0.974899590364772,0.664815634556328,-0.745770456717471,0.0429720599562558
0.724033789743298,0.646468573895088,-0.240527450150721,0.163239046201364,0.178209900558575,0.970357792331351,0.670170191149403,-0.741835301336458,0.0235010762694107
0.71476587069276,0.648604855288919,-0.26157502133893,0.191107428470495,0.178643196641462,0.965175921310264,0.672746386743338,-0.739863737447215,0.00373485400302879
0.704643906380138,0.651344261489349,-0.28147400985923,0.218476158379223,0.178254283340004,0.959423565840865,0.675088981854391,-0.737547329664908,-0.0166973974908536
0.695002440843916,0.654175989092892,-0.298371215963163,0.243622152473298,0.176174509549518,0.953735177609207,0.676476055781192,-0.735538114226125,-0.0369300484077648
0.686005382544773,0.65715811818102,-0.312313660969834,0.263604843253151,0.175603211410836,0.948512519029499,0.678165983910342,-0.733012087111108,-0.0527653145156629
0.679332594593084,0.659470754500924,-0.321878159994447,0.274568375395092,0.178346220048225,0.944883502357519,0.680528789366277,-0.73026772470957,-0.0599134132826653
0.678371818554051,0.656515934339211,-0.329846181955138,0.280721924578495,0.183275800787696,0.942128007176613,0.678974872033286,-0.731708144552418,-0.0599692783268535
0.679555416836639,0.64960402186841,-0.340909152444413,0.288673275029228,0.190431362468923,0.938298266262989,0.67444212185471,-0.736037030971008,-0.0581146565635748
0.682174890308548,0.639955455985877,-0.353686914355662,0.296424644853737,0.200135112491572,0.933851362193858,0.668408444707171,-0.741891468546373,-0.0531714203519987
0.685181983609203,0.633243351281535,-0.359900691017798,0.29735481642564,0.207875569277786,0.93186257615912,0.66491034168964,-0.745513652292946,-0.0458653655714327
0.687090945114289,0.63457189466846,-0.353870800771744,0.287391829580059,0.209959124755108,0.934517577267917,0.667316993214306,-0.74379814225968,-0.0381097643454977
0.689905120131375,0.635292886711008,-0.347035838654897,0.27363745643188,0.214961719330393,0.937504134209559,0.670189128272017,-0.741750906515736,-0.0255367388105858
0.696186951154012,0.627744695819972,-0.348224533760578,0.268497509677871,0.222175280965976,0.93730850408202,0.665757325411944,-0.746039369871041,-0.0138723560636669
0.701492326038252,0.620277319474423,-0.350948092251642,0.267828981598945,0.226893585690435,0.936369017742584,0.660436335406462,-0.750849750428248,-0.00696413359461588
0.70488882822962,0.61714111645765,-0.34966924688122,0.265844348898425,0.227180069582604,0.936864983945509,0.657615785999582,-0.753343254009651,-0.00392678523792624
0.708567982564267,0.616543398917309,-0.343228278753802,0.255018597298803,0.229787764971961,0.939235379498102,0.657949032309159,-0.75304171220503,0.00559022027840519
0.714750668548102,0.614470637089532,-0.334001972995411,0.24123906020265,0.231649786130227,0.942412909726073,0.656456546652242,-0.754164579346316,0.0173375204920022
0.72146173950236,0.612118142061555,-0.32373498203521,0.227517331210849,0.232015271792665,0.945729759314822,0.654009803009804,-0.755963156386663,0.0281226555110605
0.725395928339327,0.612751611417948,-0.313586048563124,0.21764202443695,0.228024576775369,0.949018830996204,0.653018143965169,-0.756663898366456,0.0320475983681445
0.727245473181361,0.615338039041741,-0.304093931944527,0.210957602567957,0.221212771154604,0.952135389425728,0.653154584808222,-0.756587078654113,0.0310657489469761
0.729950639267517,0.618564256445185,-0.290775385618105,0.199745442322851,0.213795835307412,0.956239038669964,0.653661856393804,-0.756088355586582,0.0325050156466292
0.733833937140014,0.62138881092293,-0.274524495011596,0.181359216773017,0.210243131067916,0.960680311201514,0.654672885640658,-0.754767362502212,0.0415889565677141
0.739103888728214,0.62431147950327,-0.252904365773447,0.154727749949304,0.208061477030286,0.965800054447919,0.655579716786952,-0.752957899444858,0.0571807362765575
0.743680385792301,0.627800821964565,-0.229794716493723,0.129963296062553,0.201408449569629,0.970847144569379,0.655781232930902,-0.751864857791994,0.0681924493844755
0.748233231665824,0.630516900635003,-0.206386697838174,0.104622202818881,0.195055375803584,0.975196182851148,0.655134509630079,-0.751266822363234,0.0799808471323396
0.753164760687307,0.631381234067584,-0.184663424982115,0.0798455918630528,0.190898710076765,0.978356971637177,0.65296824173835,-0.751608554873028,0.0933651729651313
0.758627612060361,0.630685288554493,-0.163463185520562,0.0538046519585858,0.189390736701855,0.980426544050673,0.649299010970456,-0.75257372771873,0.109743239884406
0.763613815769334,0.629279716997506,-0.144571705882362,0.0299824724352936,0.189108071441097,0.981498440478892,0.644976737342416,-0.753820386492278,0.125538174256949
0.767708981303632,0.627913848337775,-0.127855852785018,0.00898373231560718,0.188959624755236,0.981943762527184,0.640735680744738,-0.754995668383605,0.13942499109763
0.771068447610947,0.626715486255496,-0.112610605123941,-0.00981922143139648,0.188533548815327,0.982017659648533,0.636676552096375,-0.756097083884494,0.151526128941645
0.773220894897519,0.626211021886656,-0.0999460042300297,-0.0259575107445688,0.188732581325025,0.981685397865497,0.633605283540019,-0.756465312366709,0.162186854757445
0.775333087296632,0.625203815646389,-0.0893240877046532,-0.0402548320759055,0.190070660536125,0.980944795846282,0.630268317653376,-0.756963230880177,0.172535546650045
0.7771986986455,0.623938038011518,-0.0816303102167169,-0.0496930939473167,0.190177871394471,0.980491189988881,0.627290028007529,-0.757980014218189,0.178811405699165
0.777998626196066,0.62287671873921,-0.0821141333127813,-0.0503140603800953,0.192050640297581,0.980094407130945,0.626248060248576,-0.758380606828764,0.180754591147593
0.780755016172386,0.619347193569057,-0.0826477981545102,-0.0504238745748538,0.194292231940759,0.97964685549454,0.622799355807726,-0.760696774296836,0.18292451989789
0.785020329168216,0.614300615571001,-0.0798613580006907,-0.056712244860604,0.199646038110754,0.978225526527268,0.616868546835951,-0.763397807945352,0.191564565483117
0.790833450599477,0.607035093918536,-0.0780438861425906,-0.061927511405136,0.206227800355751,0.976542409571441,0.608890332280037,-0.767449339768914,0.200684015666836
0.795151309977453,0.600913281540731,-0.081471604311504,-0.0574239030906777,0.208360684225887,0.976364850157334,0.603686085308395,-0.771679372107918,0.200185057055108
0.796273796925725,0.599450366431986,-0.0812852908836891,-0.0558718517252969,0.206672440764208,0.976813614981565,0.602350708901615,-0.773269526370413,0.198060251117186
0.795003818717625,0.600900480017582,-0.0829912124205468,-0.0542853656381818,0.206740147581089,0.976888740059829,0.604170528329482,-0.772125070498808,0.196979309079125
0.79393240765648,0.601413660123262,-0.0892913293098806,-0.0484022398045034,0.208911391231028,0.976736020527463,0.606076360910648,-0.771140480088458,0.194971292025905
0.794129350881327,0.600147847752228,-0.0958182389066395,-0.0391573255507297,0.207859280883547,0.977374658565634,0.606486008020398,-0.772409917200021,0.188567340455714
0.792568428879615,0.600406700794112,-0.106522669816466,-0.0261705563776548,0.208020793894825,0.977774233290207,0.609221131874285,-0.772165230341859,0.180583691204166
0.789967237363024,0.601550022954475,-0.118698499470303,-0.0131937684133385,0.21022048879049,0.977564969998283,0.613007086719305,-0.770678218179389,0.174004010458828
0.786570987287049,0.604031594286299,-0.12826501885638,-0.000992409251050897,0.208952965693268,0.977925187962693,0.61749906646258,-0.769080289197389,0.164955787064007
0.78242163537347,0.606718720851868,-0.140387956276093,0.0162033694104128,0.205522439141318,0.978518256257467,0.62253821996666,-0.767888612220078,0.150974315376718
0.776762443341989,0.610121072007725,-0.156180613731437,0.0395395920766598,0.200254477637455,0.978945741522258,0.628551292474845,-0.766583603841287,0.131426219035283
0.770508674538135,0.613288193449051,-0.173764133921493,0.0656133240452763,0.194845358087662,0.978636898006315,0.634043590117603,-0.765449461563394,0.109890161630118
0.764424280665634,0.615717726018675,-0.191173222484794,0.0911882372283778,0.190285839994263,0.977484529027882,0.638232108656413,-0.764645657127581,0.0893129022925621
0.758354732765617,0.618629187283848,-0.205416717753244,0.112801997665837,0.185830746177941,0.97608536670598,0.642007639062487,-0.763390373541267,0.0711430177173961
0.75146170245934,0.621907485867992,-0.220309756384649,0.132815802973253,0.18449018138495,0.973818943876694,0.646270277993258,-0.761048258649805,0.0560381636799322
0.743139370361813,0.624854858573565,-0.239374772971711,0.156152226764683,0.185914310236683,0.970078528432441,0.650661477494005,-0.758282450651621,0.0405877658795459
0.732840328512406,0.628032523795771,-0.261763637582732,0.186291412349696,0.184812854655132,0.964955811650968,0.654400918849131,-0.755922851757331,0.0184412472593237
