-0.995621248094852,-0.0926366678622636,0.012521106557606,0.0177372003502101,-0.0556997370554578,0.998290003463768,-0.091780837138189,0.994140828584829,0.0570989568633588
-0.993815267459888,-0.110115612210289,0.0143445498773964,0.0216287074231487,-0.065243385236627,0.997634953125676,-0.10891929663212,0.991775101840341,0.0672215307081442
-0.989445900811004,-0.144888617397163,-0.00202433125719134,0.00551507117475167,-0.0516152806495096,0.998651814594762,-0.144797767103771,0.988100779957293,0.0518695988952235
-0.980563886276293,-0.194781345433463,-0.0235519086670989,-0.0200124227456456,-0.0201198143695538,0.99959726690582,-0.195176760569959,0.980640311501044,0.0158307167415872
-0.975826232531558,-0.217792870287342,-0.018150194358955,-0.0114037026467595,-0.032193767970265,0.999416588250276,-0.218250130513617,0.97546390346126,0.0289318781780777
-0.969498687752455,-0.244545714473629,-0.0164221794793049,0.00764964918961756,-0.0971610680713708,0.995239272596548,-0.244977095487607,0.964757544870116,0.0960682169223686
-0.963036078976044,-0.268253771129096,-0.0245239651252715,0.00522699724352854,-0.109633450867154,0.993958341657625,-0.269321720420509,0.95708955731738,0.106983130369975
-0.939121918011259,-0.33975491843433,-0.0511528934717875,-0.027584080808131,-0.073844120398099,0.996888240661209,-0.342475023318234,0.93761060215972,0.0599768048570646
-0.913305625088554,-0.398004924603111,-0.0863997405857118,-0.0714414498908713,-0.0522922679170833,0.996073108739302,-0.400960040925647,0.915891695948686,0.0193247735599567
-0.91794275423102,-0.396653749392162,-0.00684857999218441,-0.0389333036065147,0.072893271087189,0.996579534658671,-0.394797793591925,0.915069600698957,-0.0823548908784301
-0.925156230189746,-0.370630884573805,0.0819676591170942,0.0333747464649369,0.135678789096745,0.990190583921925,-0.378116484749737,0.918816637631949,-0.113154365232728
-0.927647887593848,-0.346826968625768,0.138493503373022,0.0797468358776597,0.178326310297764,0.980734504962014,-0.36484221083939,0.920820710502021,-0.137765671705181
-0.915567871189761,-0.378215457639564,0.136706038080047,0.0587674885390012,0.210454159108201,0.97583575933908,-0.397846522588632,0.901477739335007,-0.17045829386562
-0.9211055706627,-0.358565711180885,0.151641545954556,0.0697674431603945,0.231173675991193,0.970407767592356,-0.38301048493351,0.904427643481813,-0.187919147871983
-0.942493020148462,-0.253261852021046,0.218094798842845,0.168453771980055,0.203638935111358,0.964445182896573,-0.288669765782846,0.945721744710135,-0.149265360701321
-0.947644936784915,-0.232777032256387,0.218595349995883,0.183136166917722,0.164606053531267,0.969208951417364,-0.261591701230367,0.958498670001566,-0.113358199759135
-0.959623013174632,-0.199286511434564,0.198515890915266,0.177373827497363,0.119033714102893,0.976918369274427,-0.218316737573133,0.972684872539463,-0.0788792800950401
-0.95856575663389,-0.270790103117732,0.088455696607886,0.092504374354328,-0.00219844481090157,0.995709851094046,-0.269433908285896,0.962635905674571,0.0271566229838294
-0.96785920491213,-0.242144882080373,0.0679294895398243,0.086182526782421,-0.0655914443873217,0.99411786750897,-0.23626496046654,0.968020463887757,0.0843519409988693
-0.972954199343044,-0.22419746025641,0.0556383392573065,0.0716779214895341,-0.0640445486813457,0.99536956521442,-0.219595996210486,0.972437038886723,0.0783824205389572
-0.983127698034864,-0.172340275087549,0.0613087182986023,0.0671803489224047,-0.0284408629822115,0.997335408993128,-0.170137385883683,0.98462680589936,0.0395388799675912
-0.979627579177062,0.12747940080565,0.15517347868087,0.143839322877847,-0.0938135730453487,0.985144285222478,0.1401429816642,0.98739455937467,0.0735658127636071
-0.935019479580432,0.273311147694242,0.225919431105858,0.178208858633869,-0.18861980830487,0.96574539637497,0.306561862451206,0.94325160188631,0.127656727317277
-0.891600595363063,0.353241454526462,0.283317583556442,0.188462628063143,-0.279431402584178,0.941488146007889,0.411740471865185,0.892826167881447,0.182568392046284
-0.842510287681147,0.429060818119182,0.325704205539826,0.174490804140767,-0.354661479507788,0.918568557171241,0.509636512057112,0.830735848093872,0.223938777950616
-0.819994314569057,0.452931378215352,0.349946411186576,0.171276118090662,-0.38921102205661,0.905085228959927,0.546144500518146,0.802102204795368,0.241574497031853
-0.808547703830421,0.452006665721237,0.37675002956088,0.164017675513463,-0.441765790807682,0.882009743818754,0.565109558182937,0.774940617218915,0.283051633160193
-0.813852661448381,0.439473183605936,0.38014098219562,0.150435964494241,-0.472545445452098,0.868371937921284,0.56126006987855,0.763913688104711,0.318469796191387
-0.813638652156708,0.437267781511347,0.383130566476705,0.127591538129804,-0.508639886444363,0.851472762521231,0.567197093711073,0.741675369127229,0.358057402822092
-0.82430059459424,0.416705112174764,0.383256284017628,0.110984092581606,-0.544879778139446,0.831136907235232,0.555167597168117,0.727641997731114,0.40289708635389
-0.861088560837304,0.330372841573486,0.386497446234514,0.0815213557540977,-0.660601749896204,0.746297257525503,0.501877234940133,0.674135827251996,0.541904168155323
-0.850372745217592,0.375153765838889,0.368952363006386,0.0707363397259569,-0.613318092211943,0.786662118070825,0.521404415433231,0.695054364594888,0.495011985536034
-0.839047463717799,0.424939381988461,0.339743837713054,0.0646571186964737,-0.542154442575602,0.837787572954749,0.54020256444282,0.724910395863381,0.427417953926361
-0.787586069255869,0.388461791825809,0.478336304084868,0.080500914716225,-0.704746388790546,0.704877386654257,0.610923715568434,0.593658120283186,0.523776908595533
-0.830190949535408,0.447753119862744,0.33211463527324,0.0476171280058941,-0.53661265832813,0.842484103139334,0.555441802919053,0.715237022654167,0.424170254726607
-0.857926557766366,0.450944816949981,0.246192594415637,0.024089467023982,-0.443352263722043,0.896023698253032,0.513207286637334,0.774653175504037,0.369500661195427
-0.868044726779993,0.446019095240706,0.218094747736186,0.0124903568873091,-0.419519622732356,0.907660331361534,0.496328866069943,0.790613845580233,0.358590858615442
-0.875419024067074,0.440488186325452,0.199026857507134,0.011058726116264,-0.393393336895747,0.919303751250214,0.483238281676997,0.806976976247614,0.339512772849742
-0.896687179874176,0.415520708015749,0.152625825663246,0.00644508809510312,-0.332497205543789,0.943082217595591,0.442617851299225,0.846633420977262,0.295467913986603
-0.893420466854051,0.417407147291519,0.166045604567678,0.0233986373849726,-0.325888037643891,0.945118770678659,0.448611606152601,0.848273694222902,0.281388284252586
-0.909839574555416,0.379947621810934,0.16682851450827,0.0468069396185858,-0.305499866129063,0.951040978191091,0.412311846757236,0.873103451187395,0.260171682833273
-0.931207792691352,0.339530324767364,0.132556423436467,0.0457525381236889,-0.251915131441266,0.966667198060517,0.361605796532826,0.906232820589885,0.219050959366906
-0.941245491525714,0.31727709793941,0.115724534156172,0.0558038299356063,-0.191839423241856,0.979838541931654,0.33308085692071,0.928726482239727,0.162862715007417
-0.932723437431634,0.334214130467436,0.135380590416837,0.087562065546184,-0.154278988550323,0.984139664056467,0.349799762640002,0.929784334503322,0.114635148925682
-0.940543909352855,0.304054164477546,0.151420671122238,0.104180947000983,-0.166074136376355,0.98059457040554,0.323300919982029,0.93806739965245,0.124523366674953
-0.951822684129404,0.260447116779404,0.16186685064581,0.110199814955446,-0.202075867787335,0.973150216791725,0.286163552466912,0.9441041483964,0.16363917080035
-0.971283725864551,0.191322210164241,0.141434563556951,0.107064483277669,-0.179401490878395,0.977932667156126,0.212473810835973,0.964992703064888,0.153765934915247
-0.982816525084755,0.149571877435772,0.10816622162517,0.0959561934201779,-0.0865910944585922,0.991612016518947,0.157683502512585,0.984951895191233,0.0707508105576332
-0.993025229904144,0.0900530193620488,0.0761008966938023,0.0746279135982805,-0.019617318368288,0.99701847291412,0.0912774193642102,0.99574374942744,0.0127600231345567
-0.998286617571046,0.00192698175141844,0.0584817571546014,0.0578746524298974,-0.114768554401331,0.991704947818023,0.00862286406471998,0.993390389354537,0.114460388577721
-0.998103004301634,-0.0563136301400512,0.0248830839025753,0.0308861745455283,-0.108375208771225,0.99363014162501,-0.053258210878664,0.992513772793226,0.109908934076174
-0.983358848843639,-0.169331338713907,-0.0658199979509946,-0.0535426778634225,-0.0760808551298819,0.995663037945027,-0.173604596851946,0.982618237777043,0.0657483287986195
-0.971438672318209,-0.221876374232428,-0.0841295458332372,-0.0753729850485424,-0.04765776381944,0.996015888765135,-0.225001820102655,0.973909447590073,0.0295731101727661
-0.959165266288496,-0.273159249494358,-0.073389483997353,-0.0592563119096321,-0.0596466401039713,0.996459215333561,-0.276569487551658,0.960117858775675,0.041024575749501
-0.963236319324412,-0.26302410822317,-0.0547184761096824,-0.0201324299724616,-0.132432871591307,0.990987497290195,-0.26790012765537,0.955656765274796,0.122268837349301
-0.952756456037805,-0.297047420149542,-0.0633874250998039,-0.0297960994843302,-0.116279993872379,0.992769437221231,-0.302270289532071,0.947756188693875,0.101935660387606
-0.936912165435796,-0.341299955110315,-0.0755641111911281,-0.0627727616959077,-0.0483851329570755,0.996854281877645,-0.343882501223131,0.938708271802493,0.0239082789447488
-0.908728357096963,-0.409649146630596,-0.0800021854243987,-0.107866725600816,0.0453287063898263,0.993131450456174,-0.40320905559773,0.911116285137001,-0.0853789929791682
-0.915618383758047,-0.40179002034971,-0.0144137043011603,-0.0738607933314843,0.132860693369457,0.98837878334464,-0.39520571672579,0.906042391781293,-0.151326222983618
-0.941346773786811,-0.325163841352926,0.090192725636667,0.0202385851359199,0.212398692873119,0.976973487325775,-0.336833269070705,0.921496213525807,-0.193359968206302
-0.958942324188866,-0.232983957498402,0.161703724223158,0.112703970027091,0.210152208395409,0.97115079387635,-0.260244950036286,0.949502251105765,-0.175265630189423
-0.963221929527898,-0.217556930808783,0.157710165600112,0.112980443912116,0.204619023317222,0.972299580679806,-0.243801012651658,0.954358442700524,-0.172513851838795
-0.968737232652881,-0.168418405249125,0.182163154467029,0.150234654537465,0.18607867956905,0.970981088171056,-0.197427765646187,0.967992750893921,-0.154959064171071
-0.973118617352648,-0.0780520356128977,0.216674955401759,0.200828688334236,0.172925426673176,0.964243037180902,-0.112729740989773,0.981837398221611,-0.152601864175363
-0.968582572486345,0.00882663391764274,0.248535492051775,0.247834564166203,0.117182882552967,0.96168924338433,-0.0206356264814587,0.993071126642126,-0.115688842804552
-0.985550756136917,-0.0397518325352642,0.164649624621617,0.160792662287496,0.0860216695468642,0.983232420195179,-0.0532487261110572,0.995499906669236,-0.0783869184819202
-0.987887301951181,-0.129021206232641,0.0862102487288508,0.0885933928499369,-0.0128363351625624,0.995985160151963,-0.127396583105485,0.991558751079263,0.0241112789204259
-0.982324299926328,-0.186738665953139,0.0129476025692509,0.0356405740989173,-0.118683486057899,0.992292285375153,-0.183762670997537,0.975214284542216,0.123241145615678
-0.993788635357479,-0.0987328542451787,0.0513417152705184,0.0568052464762412,-0.0533440967482733,0.996959162310515,-0.0956938462341868,0.993683164210158,0.0586213012325441
-0.988836430008603,0.120074081890231,0.0882311143874976,0.0890930568664631,0.00181854793991014,0.996021646402115,0.119435932223225,0.992763268731075,-0.0124960134587349
-0.917478221341427,0.366431628078995,0.154795269008933,0.148508137054722,-0.045476007820956,0.987865003905495,0.369024452567451,0.929332983734057,-0.0126948316746609
-0.863140169127563,0.441477760184055,0.245125346917269,0.157278353626199,-0.226246846460761,0.961288657972824,0.479846400339811,0.868279765818271,0.125847846034389
-0.786763602628364,0.507165805407618,0.351832175055778,0.176817994664518,-0.360929105336356,0.915677660360848,0.591386870282099,0.78263211456363,0.194289842533274
-0.810895888695828,0.462170417583323,0.358951755542524,0.150593901595823,-0.427925550768898,0.891179667520126,0.565481506769541,0.776709873833204,0.277403023400354
-0.793722335335104,0.472109952290736,0.383558401470007,0.134487364625244,-0.478754368579472,0.867587115696302,0.593226772108563,0.740207030170688,0.316505212183851
-0.797203850061096,0.455607086375263,0.396091156544058,0.122951392094974,-0.519815986635498,0.845384111052527,0.591057507041129,0.722643427205152,0.358381780350953
-0.809517806313706,0.438202561541268,0.390716567756881,0.104622291028047,-0.547182197679959,0.830449166874273,0.577698102369298,0.713141050284446,0.397107976396987
-0.856965718882508,0.356719667770133,0.371968863328845,0.0681239366148563,-0.63700772413859,0.767841317361777,0.510851138709,0.683353669788741,0.521592634213692
-0.873708659594822,0.326093402908414,0.360965747306624,0.0506560715684625,-0.677016342707107,0.734222605291299,0.483804857935789,0.659781755042608,0.574996430554684
-0.828878525674151,0.407120148582959,0.383684211681996,0.057971686962368,-0.619649085124267,0.782735137077285,0.556416816053382,0.671035167426006,0.490012378303415
-0.781284043905871,0.500997510468031,0.372285827346306,0.0763183896120939,-0.515292653559352,0.853609386426121,0.619492329367447,0.695323648161486,0.36435460496925
-0.787382044269819,0.496206750743968,0.365798273475416,0.0632326570556094,-0.52524150234144,0.848600610004373,0.613213786083751,0.691303279852064,0.382189256550482
-0.704499791312964,0.588080386944678,0.397292716433347,0.0938167968455589,-0.47771864497344,0.873489155556255,0.703475978743858,0.652645657869366,0.281380867499254
-0.77673954353993,0.556005476243354,0.295860764361857,0.0530741223801725,-0.410298937405444,0.91040535998946,0.627581722993075,0.722850394169751,0.289185906665037
-0.808071417573668,0.547465035523967,0.217491652665627,0.0263817517600039,-0.33520021994513,0.941777476754891,0.588493489577036,0.766761271470774,0.256422630237592
-0.833857711038539,0.524886523162574,0.170808242025588,0.0127847349815174,-0.290998202875824,0.956638174272014,0.551831376684055,0.799883856397505,0.23594056027236
-0.862548842884818,0.48214860129707,0.1534347415201,0.0125120684335138,-0.282828346804653,0.959088929342458,0.5058190800885,0.829180832213954,0.237920586976827
-0.885434897103868,0.433751260903739,0.166927788744353,0.0136181048671188,-0.334799918281376,0.94219083095656,0.46456387096985,0.836521881592586,0.290536661036621
-0.885286904285839,0.427272005019288,0.183591205744701,0.0271942252534892,-0.346542212974128,0.93764010619206,0.464249470880536,0.835073127548595,0.295169951779225
-0.891578925459146,0.415506841412175,0.180114087224715,0.0716190429225946,-0.263347580729818,0.962038858058552,0.447166336353673,0.870633169861699,0.205036950739627
-0.89921648846907,0.410359800172502,0.151705442446004,0.0992312458267027,-0.146415908639217,0.984233479185215,0.426101944042778,0.900092893039233,0.0909390850142505
-0.927454643572054,0.359971618098145,0.101233977894962,0.100350815352073,-0.0211941050061989,0.994726356226254,0.360218819573338,0.932722490388641,-0.016466874275401
-0.956368103323083,0.282876288720295,0.0730825302383633,0.0859013000366665,0.0331636884176228,0.995751543520044,0.279250814856859,0.958582899414741,-0.0560161347417804
-0.979212966165008,0.19787883599068,0.0445638099953362,0.0568475627548536,0.0568341443952333,0.996763881087038,0.194705730534979,0.978577460550689,-0.0669016606595444
-0.993038034590516,0.110408688675664,0.041053420338934,0.0306182735809914,-0.0946017838074639,0.995044232093913,0.113745255635233,0.989373753424542,0.0905626460253309
-0.996439391668172,0.0793601931192188,0.0284692549962954,0.016562722519485,-0.146836503274629,0.98902210163819,0.0826693108396722,0.985972109673575,0.144999255139926
-0.997552002581973,0.0653528739716106,0.0248797911636449,0.0211983141942169,-0.0564339478392623,0.998181266607723,0.0666380793542181,0.996265131074518,0.0549104269247174
-0.997367224058825,0.0559883741924746,0.0460860318152647,0.0388934213221388,-0.123378431370511,0.9915972289445,0.0612039390158244,0.990779019069255,0.120876024178129
-0.999719483158232,0.00338486842581008,0.0234413664187301,0.0225699933649882,-0.163882501737747,0.986221638894464,0.00717986025919723,0.986474058599575,0.163760133478027
-0.996612267512749,-0.0706393217382953,-0.0421197633831189,-0.0323810496242863,-0.1337457160518,0.990486522403521,-0.0756006340471152,0.988494901181662,0.131005245961867
-0.983492221034356,-0.149235545546682,-0.10233182843228,-0.0884975368403233,-0.096581502721429,0.99138297307613,-0.157832940598929,0.984073556842909,0.0817801784324307
-0.983466897458896,-0.166396308627853,-0.071450192985032,-0.0525629342447069,-0.115270436176513,0.991942470351614,-0.173291660347983,0.979298215570058,0.104618380006281
-0.977639009337491,-0.209122790082481,-0.0221274962372203,0.00951216550507192,-0.149092475988691,0.988777503946649,-0.210074953597553,0.966456979007178,0.147747831115404
-0.968222558298578,-0.249849275992653,-0.0109734628856556,0.0163668865807306,-0.107087249756133,0.994114905814877,-0.249554007432078,0.962344875928383,0.107773545682491
-0.944519689541501,-0.326204831804035,-0.0383792102071993,-0.0375394248062431,-0.0088714850164652,0.9992557672282,-0.326302540066183,0.94525748051063,-0.00386624948141696
-0.912016647953485,-0.406691221001994,-0.0531778583208893,-0.0894249932376699,0.0706325318224373,0.993485891209732,-0.400285903374241,0.910831101910919,-0.10078640459709
-0.941789359352104,-0.315936846353609,0.11496395838388,0.0535446606133784,0.196632777092161,0.979014055206984,-0.331912295540482,0.928180725984526,-0.168269925951986
-0.934497786651277,-0.319772983290089,0.156394136404219,0.0917679988739531,0.208082397963543,0.973796873090283,-0.343936798157067,0.924362999484238,-0.165107613567536
-0.93163675153702,-0.328239945897881,0.155921458120762,0.0880503351009198,0.212385875306275,0.973210860224547,-0.352562195469344,0.920407941017103,-0.168964849712868
-0.937662365156147,-0.302455339048319,0.171201801541185,0.116009092147864,0.191969655607374,0.974520159804308,-0.327614376224257,0.933631843505326,-0.144915152016751
-0.948287286455589,-0.249961695958482,0.195628149559961,0.154070100006286,0.176368367793614,0.972191649380856,-0.277513290908288,0.952057429672904,-0.128736257417544
-0.956334587637622,-0.183066082516237,0.227839781250198,0.196687777036431,0.173511273478809,0.964991065419898,-0.216189904603445,0.967667632716896,-0.129927971351949
-0.969622051952745,-0.155007494253417,0.189224081692121,0.166358919313214,0.149236120228617,0.974706771487738,-0.179325922085707,0.976576293560512,-0.11891575389209
-0.96779186632108,-0.222685961346372,0.117430260589008,0.104007996463253,0.0711151013259628,0.992030734924628,-0.22926238277236,0.972292962528599,-0.0456634959557367
-0.96360301795363,-0.263307082624583,0.046245043306137,0.059213097085671,-0.0415255755415681,0.997381289031163,-0.260697205439909,0.963817932399928,0.0556053977609107
-0.953073846895003,-0.301763677934053,-0.0242677779055563,0.0165001597148794,-0.131820193753771,0.991136308107064,-0.30228792085385,0.944225671753544,0.130613528041412
-0.978479737089042,-0.206324627318259,0.00274813903213776,0.0166480871334394,-0.0656634630260434,0.997702937160268,-0.205670234358197,0.976277858903606,0.0676852784114478
-0.997520721643393,-0.00558578146170618,0.0701513288363493,0.0702711706003978,-0.0253604226458139,0.997205501160957,-0.00379110465344101,0.999662767141343,0.0256900665008658
-0.874362423384732,0.400460394333321,0.274083609767493,0.210728622839248,-0.195440822254522,0.957808087516884,0.437131330482102,0.895228662167872,0.0864976435752459
-0.854961169369585,0.423013763921231,0.300167877034477,0.197601202228425,-0.269435949542334,0.942527471202883,0.479578110163582,0.865137922314942,0.146769246180912
-0.833600295804048,0.456034920501251,0.311677233879573,0.169652815094064,-0.325605159808314,0.930160847508033,0.525669543692673,0.82825927775644,0.1940569494873
-0.809267580812143,0.469774205707217,0.352701259281302,0.16640450194944,-0.392487287757185,0.904579057175196,0.563378668727722,0.790737582641145,0.239454695133373
-0.785912666622473,0.461582454382097,0.411440054259369,0.149915644054084,-0.50330521327545,0.851004795496244,0.599888806455165,0.730496748860906,0.326355511357544
-0.803843372549364,0.423416479282665,0.417796981176667,0.127449953071396,-0.563460121453357,0.816253147616514,0.581026971723829,0.70938788867843,0.39896927391191
-0.833666427856817,0.379345129361753,0.401369605094817,0.0991737096171602,-0.612120684904448,0.784520772467422,0.543290771489104,0.693833942627214,0.472683401097553
-0.852335072032097,0.343956150483269,0.393978541964878,0.0771277430180126,-0.662407995162267,0.745162371032014,0.517277716745066,0.665514698928458,0.538065004687329
-0.821168824038708,0.431112045476792,0.373930697685683,0.0836841047636882,-0.557183509994499,0.82616191318658,0.564516370920087,0.709710462396481,0.421464502097375
-0.819252307225691,0.477098172981486,0.318124174565704,0.0605620879340794,-0.479680345081123,0.875350786855144,0.57022617496082,0.736399415996905,0.364085167933232
-0.840989223896323,0.446590497986997,0.30544075104345,0.0363146920345775,-0.51666708546057,0.855415902321271,0.53983179642616,0.730487542610691,0.418293654814293
-0.720284558660957,0.598966318993614,0.349899275886404,0.0915468068867367,-0.417920053551312,0.903859508435084,0.687611326770751,0.683068208564056,0.246187907391203
-0.831277971788229,0.510689399495855,0.219484101616065,0.0385286642451719,-0.340970299654076,0.939284193833417,0.554520040802071,0.789262688840904,0.263764918729721
-0.862600472941933,0.482925831994825,0.150675362526394,0.0164199188465952,-0.27096032855798,0.962450459303139,0.505619234548514,0.832684298602933,0.225800904592336
-0.899986640651345,0.422367233363588,0.107842323926625,-0.00579474905065579,-0.25896158433815,0.965870239069677,0.435878959726834,0.868645392561236,0.235509478470803
-0.921752954888012,0.377092599881626,0.0904027724670767,-0.0127831132721777,-0.262552122912675,0.964833133121535,0.387566874449157,0.888182162548068,0.246828612525266
-0.936119248636144,0.343117543016327,0.0771433989874798,-0.0138244617220302,-0.255087673924743,0.96681909521366,0.351410922697344,0.903991499012078,0.243535896990358
-0.927168121480329,0.352874782827819,0.125851746729463,0.0107576404687362,-0.310707861491893,0.950444579120045,0.374491051538194,0.882575782837573,0.284282324224464
-0.919860040862514,0.36660196344597,0.139500916204783,0.0379367723059309,-0.270829315026925,0.961879557652128,0.390407872015181,0.890086783701233,0.235217369573277
-0.930301604939215,0.348884379088608,0.113219317589695,0.0676232929853259,-0.140242927922561,0.987805148505275,0.360507994492966,0.926612978106644,0.106875510342621
-0.941129809901588,0.327202873668137,0.0849291491651391,0.078562180652074,-0.0326525660743445,0.996374324087063,0.328789696745187,0.944389797378219,0.00502453203135299
-0.957339588234545,0.281007006639644,0.0673496474997404,0.0772983256540593,0.0244578121562192,0.996707973418298,0.278434699076805,0.959394015847482,-0.0451358029290564
-0.931038448767928,0.333589929340687,0.147936357797147,0.143910791938424,-0.0368961049838815,0.988902604608095,0.335346225384252,0.941995985383958,-0.0136554985643294
-0.955287753989475,0.256160838486525,0.147671703124279,0.121921347984541,-0.113735513653157,0.986001733182901,0.269370547728176,0.959919714226108,0.0774186686574363
-0.974576923016356,0.194698962463296,0.110869901865597,0.0933115459431312,-0.097174989313644,0.990883432521503,0.203697757763,0.976037568676334,0.0765368408984647
-0.99143407656992,0.113659548622388,0.0643426672038522,0.0598790014014391,-0.0422625291944833,0.997310575406303,0.116073153688168,0.992620464041036,0.0350946913341949
-0.998302644494742,0.0490533598609107,0.0313942332468796,0.0288590101583623,-0.0515632554461706,0.998252667524847,0.0505864362006558,0.997464284360171,0.0500601028601423
-0.999934692720438,-0.0102727347332953,0.00500811493296863,0.00601073466177861,-0.100015162452702,0.994967757441609,-0.00972015241177672,0.994932881254137,0.10007037741726
-0.997997083892558,-0.0610818853204284,-0.0164567259092781,-0.0145164555251354,-0.0320740531453274,0.999380071661336,-0.0615718528301515,0.9976172905481,0.0311231190360063
-0.986953781074697,-0.151978165028018,-0.0531495190672078,-0.0451036327161957,-0.0559094115823534,0.997416562932618,-0.154557097339984,0.986801284479926,0.0483252378225601
-0.981359910030725,-0.182121579772689,-0.0613551722806483,-0.0444429290764371,-0.095535753905243,0.994433379257185,-0.186969390648829,0.978623855169522,0.0856609424040405
-0.977962096819462,-0.201317469087686,-0.0553300445021388,-0.0349501800454588,-0.103415955184002,0.994023956013219,-0.205836396439673,0.974051547328738,0.0941008025854233
-0.975279294828835,-0.218178869406406,-0.0350467976099364,-0.018331823315086,-0.078169812594214,0.996771500722673,-0.220214080685396,0.972773078031834,0.0722377832187437
-0.96547761274428,-0.256042329229943,-0.0479093407605606,-0.0430598322507562,-0.0245162088405155,0.998771648751918,-0.256902374718769,0.966354635290065,0.0126447110391469
-0.949867137020349,-0.309836123302474,-0.0418807677300693,-0.0639477233706907,0.0614066264770179,0.996062204332851,-0.306044295298036,0.948804934073177,-0.0781414511889967
-0.955836456969101,-0.29352298832048,0.0148634738931304,-0.0271515430992492,0.138548017053876,0.989983454749507,-0.292642206860333,0.945858711593785,-0.140398847808876
-0.964510022746503,-0.253067705532693,0.0753468807447156,0.0329032995447795,0.167938523467584,0.985248204877631,-0.261988146488742,0.952760929484384,-0.153651626569481
-0.970993937804882,-0.197324705722242,0.13503234152528,0.102385451904485,0.167215151921368,0.980589777739003,-0.216074042829036,0.965972076966795,-0.142161719657479
-0.971732468645005,-0.167998330698849,0.165869135958096,0.139911941772581,0.156111941878626,0.977779990668816,-0.190159559135246,0.973347637016336,-0.128194070004055
-0.97578704417769,-0.0847649368521586,0.20162973465096,0.18794197554911,0.146603739403583,0.971177201863586,-0.111881447263006,0.985556821838972,-0.127123139848729
-0.974588066047796,-0.0190394094529806,0.223194091330614,0.218796498425424,0.132697714819688,0.966705440534192,-0.0480228465835837,0.990973671380484,-0.125159853134682
-0.978367560763306,-0.0312709110087112,0.204497056631005,0.202337497592029,0.0612351305750421,0.977399506778908,-0.0430865769614528,0.997633394042191,-0.0535831874528008
-0.971429216534179,-0.231432741066015,0.0525753138503322,0.0546926258439887,-0.00273768898289053,0.998499485096173,-0.230941537931312,0.972847054485803,0.0153171353789359
-0.973516304769079,-0.228597363158445,0.00304136577283161,0.0322055241650369,-0.123957175019586,0.991764802246187,-0.226337819557434,0.965597154261636,0.128036428877945
-0.98217670006239,-0.187182841069531,0.0170737770775312,0.0407111656728119,-0.123174004879365,0.991549678791506,-0.183498040436718,0.974572084830628,0.128599069299772
-0.994236053798116,-0.0299858774418186,0.102934525218679,0.10399105008557,-0.0361069875147666,0.993922606119163,-0.0260869858368329,0.998897959056206,0.0390171316641313
-0.98905606875424,0.0682848099115385,0.130787146141173,0.126968571705949,-0.0575669951890722,0.990234832180656,0.0751470202959417,0.996003627403157,0.0482669611680177
-0.958171462361491,0.208712249863474,0.195822995260947,0.162336396453808,-0.167152587329602,0.972474630484216,0.235699688380011,0.963586638193965,0.126279244500509
-0.915967405075006,0.315801144398036,0.247534543118837,0.155977268421918,-0.288154109958792,0.944795375014872,0.369695556608133,0.904011529854983,0.214681972492931
-0.909946541239205,0.315723037540869,0.268916819207677,0.146916581497437,-0.360973292750596,0.920930942037403,0.387830904090835,0.877506265212254,0.282081449842641
-0.888033792085472,0.344107580950454,0.304935988113447,0.149818239652627,-0.410459870302755,0.899487181642092,0.434684344302489,0.844459985791791,0.312948643094746
-0.86345261136083,0.364015896818711,0.349201968490204,0.149991643989094,-0.475680195522201,0.866735748842408,0.481614051567864,0.800762623035835,0.356127964194272
-0.846709417107468,0.393418107280853,0.358197369958354,0.127587658115697,-0.503453867859866,0.854549935599724,0.516531269603383,0.769257041437056,0.376083836027853
-0.866268397485385,0.344764051231286,0.361547801122749,0.105531965362813,-0.581089291167278,0.80696854955901,0.488305301839705,0.737206202272676,0.466995661142513
-0.85672234225629,0.326239871230939,0.399492646613323,0.0969536675688709,-0.658873826267373,0.745979401461419,0.506583472513505,0.677829497350929,0.532841775668112
-0.819071763342562,0.392777965719959,0.418147003026206,0.105423963790876,-0.613407934150679,0.782698213987751,0.563921301560357,0.685168720802319,0.4610169082372
-0.8012598907141,0.461130438487769,0.381236548920622,0.075340907243858,-0.554348509819781,0.8288675873481,0.593553986785112,0.692861059925196,0.409435240802296
-0.820706516474782,0.438509024255245,0.366265818037312,0.0460703539364005,-0.58817529192059,0.807420180861429,0.569489540118169,0.679528999838006,0.462517028956941
-0.748942995695902,0.560720804938693,0.353095692563578,0.0741442826689523,-0.458607352558333,0.88554046859923,0.658473245125081,0.689399358201283,0.301896522613468
-0.81160288927435,0.53118762084826,0.24318811973263,0.0341887762481832,-0.372369767541913,0.927454518453295,0.583208262715969,0.761039071059001,0.284055724500449
-0.818805804043061,0.54156374801435,0.190435716455834,0.0238506999875663,-0.299350000160422,0.953845229329192,0.573574929172728,0.785556035073632,0.232192843093613
-0.853978108954723,0.49984260597271,0.144494839632862,0.00929661290546476,-0.263007117165224,0.964749101740408,0.520225876340847,0.825217926110945,0.219955477337004
-0.879920410815111,0.460347905637469,0.117557970406788,0.00202380757967812,-0.243793598302852,0.969825028357914,0.475116801254015,0.853606752083032,0.213587307592022
-0.911785032788094,0.396327722962858,0.107575043549561,-0.00529651566527198,-0.273278650696382,0.961920332457617,0.410633657784432,0.87649478896605,0.251270539478741
-0.89896075311686,0.410986718700804,0.151523864150553,0.0229267888237475,-0.301300232918974,0.953253655643241,0.437428767583706,0.860411579823586,0.261434478590108
-0.869716704788874,0.466068422069728,0.162397904421876,0.066334754121109,-0.215670652849965,0.974210382769021,0.489073157929236,0.858059668932588,0.156655835334728
-0.912843337109985,0.385514916206309,0.134518739498811,0.113935843062979,-0.0758647111147226,0.990587285034998,0.392091399496897,0.919577508962633,0.0253286290715286
-0.923991200354599,0.365355120761547,0.112942009016051,0.123074917723935,0.00448311911050629,0.99238725620107,0.362067433352564,0.93085742054106,-0.0491084140359953
-0.941183357283132,0.322854661937031,0.0996933058874947,0.122266207385783,0.0503539360341979,0.991219176397108,0.314999781753494,0.945108114657466,-0.0868665016209465
-0.942708653087874,0.300492257218859,0.144930323758564,0.139550333888485,-0.039412494459813,0.989430320736164,0.303028216020983,0.952969600056565,-0.00477929525875263
-0.971214413603052,0.192818090507257,0.139870464297561,0.115180072883471,-0.133846252309263,0.984285899296197,0.208509265070496,0.972062942774747,0.10778460773163
-0.985617327862363,0.138419738791127,0.0969456493631979,0.0794022363313061,-0.127083040562549,0.988708847774189,0.149176968339765,0.9821862739391,0.114264410043473
-0.996360287196399,0.0729168646729288,0.0441509789719159,0.0372010530942372,-0.0940642452134684,0.994870845598111,0.0766958913279487,0.992892264356355,0.091009294221641
-0.999577518858482,0.0259475425513816,0.0130961379141276,0.0116791869761352,-0.0540268327199339,0.998471180324114,0.0266154162901519,0.998202297323442,0.053700961200945
-0.998771112773462,-0.0480132875149963,0.0122877382484421,0.0147499579336236,-0.0512689739036363,0.998575951570948,-0.0473149345367429,0.997530057961599,0.0519141640875896
-0.994814988395174,-0.101524110478172,-0.00599948797196982,-0.0014709924571629,-0.0446213264466364,0.999002889589081,-0.101690584841965,0.993831873214861,0.0442406231504543
-0.987430543996923,-0.15461296745915,-0.0327986444142982,-0.0287026934463152,-0.0286505410871355,0.999177312534838,-0.155425468218264,0.987559606701737,0.0238526107636713
-0.980358823135637,-0.189733676367573,-0.0538303813116234,-0.0405102256865574,-0.0733992852676459,0.996479536436661,-0.193016837387141,0.979088186515517,0.0642714828739956
-0.975458872635539,-0.215619954786964,-0.0445872503555856,-0.0291187775960838,-0.0743927921317245,0.996803796777558,-0.218247759640079,0.973639434070187,0.0662885196363027
-0.965760118845588,-0.256972774225338,-0.0356705222037702,-0.0249437161242689,-0.044883425969309,0.998680774371455,-0.258234784398361,0.965375818725636,0.0369367668663743
-0.953773347398264,-0.295589363378569,-0.0542524658440688,-0.0524815559740997,-0.0139278396669627,0.99852476261971,-0.295908918546311,0.955213559126787,-0.00222898745831554
-0.952595304255649,-0.303976085340326,0.0126777699639035,-0.0276821636674346,0.12809667833162,0.991375276479646,-0.302978355868495,0.944028485026578,-0.130439010014824
-0.951051692616822,-0.298298392837546,0.0807387565002976,0.0273466001357033,0.179001971019273,0.983468585076429,-0.307819494885712,0.937537392961877,-0.162082680649575
-0.950058186489015,-0.28898980462115,0.117789367560207,0.0520375728812584,0.225454942621336,0.972862867960453,-0.307703645239753,0.930405804836061,-0.199156985901898
-0.948614746932993,-0.286494543342947,0.134353781249245,0.0666737564508591,0.234090037359527,0.969926009863509,-0.309329390944322,0.929043987679664,-0.202959594141995
-0.954889631399532,-0.232332717649541,0.184952156395229,0.134052522196322,0.218507382591892,0.966583904814086,-0.264982477040409,0.947774251635071,-0.177505647231601
-0.951811677966868,-0.244636934109817,0.184952156395229,0.131221356550509,0.22021923290076,0.966583904814086,-0.277192145038312,0.944275521195986,-0.177505647231601
-0.955720582582,-0.181083610600069,0.231963130693578,0.185066090272129,0.243010564482447,0.95220607421992,-0.228798405284022,0.952971453676324,-0.198737762434629
-0.958659387003336,-0.181305333765816,0.219318388783188,0.18005612837771,0.210321242153578,0.960908302457943,-0.220345116451482,0.960673384167086,-0.168981296624628
-0.954404428938887,-0.257908816977349,0.150317091999488,0.108333001632213,0.169976326975939,0.979475374384228,-0.278165682245659,0.951099937121811,-0.134286122990031
-0.952053038942383,-0.29663246480789,0.0748611505560156,0.050769745437279,0.0881142883010919,0.994815714162893,-0.301690974324404,0.950918005413289,-0.0688295212245706
-0.93781352401326,-0.347136915736829,0.00132510775133269,-0.00274026051766787,0.011219990043616,0.999933299173358,-0.347128629113368,0.937747339935519,-0.0114735039866158
-0.946121984696786,-0.321284020331659,-0.0403703895564717,-0.00937011128903347,-0.0974563544733532,0.995195689292913,-0.323674823067606,0.941954795758422,0.0891951324897467
-0.983690583899802,-0.177848330789378,0.0268850587185159,0.0394627082555254,-0.0675657916639018,0.996934079292091,-0.175486551632897,0.98173562379709,0.0734822098451893
-0.989856898109933,0.0634685469286813,0.127102575957152,0.121382052188213,-0.0870616095726189,0.988780397027167,0.0738222098745347,0.994179068221307,0.0784745923204034
-0.964892060950674,0.207221670040247,0.161376857634829,0.126770745026548,-0.170674411612909,0.977138384992628,0.230027148223367,0.96329093460196,0.138412739276075
-0.947554052539866,0.252163794242737,0.196353605488626,0.129617965172495,-0.25836952712685,0.95731101036016,0.292130964842514,0.932554882205522,0.212134134581936
-0.934043412632587,0.276233682482439,0.226401978745465,0.128828939674138,-0.330647304496772,0.934920030982039,0.333115606989688,0.902423023138932,0.273252044253436
-0.896216277608523,0.315788784487697,0.311566730157931,0.151489724251613,-0.442253328513387,0.884003878308801,0.416949933679924,0.839457823247013,0.348515875956454
-0.880099314364277,0.333604682717058,0.33783592545018,0.151676039015677,-0.476712870673534,0.865874828207122,0.44991063117473,0.813297457639854,0.368954833756799
-0.876369520812383,0.329085923939655,0.351680135429707,0.14217284337854,-0.520882666861609,0.841705488855098,0.460177515309837,0.787644400746886,0.40969861163463
-0.872673367061705,0.323822115634208,0.365486568627868,0.120216646881401,-0.582967607606823,0.803552565980453,0.473274922464502,0.745176493125866,0.469811496090567
-0.857756599666205,0.319851202538971,0.402428656985861,0.113033340582962,-0.646336166162959,0.754634364594155,0.501474904303023,0.692780462010976,0.518245262216773
-0.810094234077108,0.387717391942336,0.43979831275308,0.129388568519807,-0.613406420978818,0.779096374679251,0.571844323440758,0.688046355042587,0.446750806447164
-0.817216069122353,0.424217838744543,0.390124495077043,0.115499203151979,-0.542629676665874,0.831993370209611,0.564639557983203,0.724977419850024,0.39444886901617
-0.835061573725755,0.421457707740356,0.353617828556354,0.0816381497613885,-0.540714766513815,0.837235184268702,0.544065603204433,0.728011635799976,0.417123096399181
-0.823469418452966,0.446587717643523,0.349939319486512,0.0813989510767384,-0.517409872412223,0.851857520183964,0.561491164343965,0.729963310297384,0.389719434957179
-0.813758233930389,0.489133810561463,0.313919817909154,0.0832401200788225,-0.436467850693645,0.895860981246607,0.575211803703433,0.755144973284264,0.314463750222105
-0.880258254951112,0.435389914859411,0.188629336607905,0.041257721639846,-0.325800209216488,0.944537995042858,0.472697794574411,0.839219783914326,0.268825127715547
-0.916212149377053,0.380503722144111,0.125587478549249,0.0172739171778003,-0.275626135262227,0.961109694751719,0.400321007591677,0.882749766918625,0.245959224030933
-0.952603352931037,0.296659847713111,0.0673779395602172,-0.00245886228746384,-0.22898231336533,0.973427477607918,0.304205203737211,0.927124605929913,0.218858765185465
-0.970609309456487,0.238770535739495,0.0301031503181257,-0.018936434141098,-0.200470375133192,0.979516738068307,0.239914526151338,0.950158018414112,0.199099874899376
-0.94675726604302,0.308210657475862,0.0930423012024304,0.0226132800499987,-0.224622297721734,0.974183485248846,0.321153107972081,0.924419284732045,0.205693138571434
-0.899399448756666,0.411335447705727,0.147931676921933,0.0891895546242082,-0.158616797892349,0.983303582202522,0.427932068116122,0.897576660172883,0.105973035205903
-0.914754052762555,0.384456129250523,0.124171283460335,0.0976362980340745,-0.0878700970880784,0.991335462567507,0.392035937460691,0.918951756470076,0.0428426542114281
-0.934993209335847,0.340944968722946,0.0976945586937282,0.0967795704755471,-0.0197351705079396,0.995110163641991,0.341205822392323,0.939876082974523,-0.014544257218797
-0.962569422114237,0.259622657635631,0.077821483234878,0.0937109130860311,0.0493777483013571,0.994374226708069,0.254319429810715,0.964446947019327,-0.0718589869525966
-0.95655698569169,0.272580426414491,0.103434250904247,0.121202146170502,0.0491262701059897,0.991411443019061,0.265158014942209,0.960877994711695,-0.0800294095363682
-0.943400205157651,0.284168201104904,0.171010193816934,0.162479910868527,-0.0535101875697461,0.985259832932616,0.289130301892862,0.957280049571207,0.00430989794412827
-0.949638402768964,0.264530960464809,0.167959146645776,0.16072299541132,-0.0489283191157822,0.985786050994087,0.268988889607776,0.963135188093587,0.00394800247034388
-0.974649379531985,0.180800028859041,0.131795055076003,0.127369785252352,-0.0359235265439174,0.991204538955214,0.183944352407695,0.982863596744339,0.0119843820072347
-0.990410472617025,0.116432725055318,0.0743674409047022,0.072728882968588,-0.0182647221067867,0.997184491209377,0.117463208336326,0.993030624131278,0.00962155001973923
