1,0,0,0,1,0,0,0,1
0.973980710191423,0.206648896832196,-0.0930473514563863,-0.206979748350871,0.978325667134476,0.0061865013128089,0.092309045860208,0.0132333844469081,0.995642464737447
0.955527059272364,0.222350861177013,-0.193721794158912,-0.246582267750949,0.962712539533551,-0.11127331870516,0.161756682177605,0.154093026314305,0.974725661410528
0.954834043616104,0.218146332329521,-0.201752637759457,-0.255929830905095,0.948751062107845,-0.185395101882778,0.150969767849758,0.228656073263787,0.961729966963168
0.978406045698269,0.133103115184884,-0.158130232622217,-0.160740030307524,0.970945308911911,-0.177279016690329,0.129939418183295,0.198868720089493,0.971373759050631
0.992004558404539,0.0504185771781728,-0.115693228755808,-0.0624860872857456,0.992699126128986,-0.103169442561567,0.109646910582712,0.109573774499535,0.987912517858536
0.997354904714652,-0.0375250470256294,-0.0622500191755054,0.033571780863297,0.997424619684837,-0.0633803090575055,0.064468050779384,0.0611228180983375,0.996046119181449
0.98831540882385,-0.150054254060522,0.0267651549535345,0.151529625827968,0.986238658626121,-0.0661217114704848,-0.0164749864273857,0.0694048202194215,0.997452528069646
0.968388357891132,-0.235133817972416,0.0832831072104784,0.240895279598107,0.968199172007957,-0.0675264954699724,-0.0647568727492837,0.0854543794595768,0.994235433115775
0.947367164008443,-0.299445061242973,0.113261254874702,0.307527122834886,0.949523797802717,-0.0619001302680547,-0.0890085685734634,0.0934730587040861,0.991635145614054
0.922801260207174,-0.365732083108016,0.121152290715127,0.368992360416771,0.929419756176116,-0.00485332706389519,-0.110826315079549,0.0491829260516336,0.992622066886934
0.891013273377777,-0.430249305402926,0.144847788609005,0.430010815718047,0.902161233815305,0.034580436179229,-0.145554268333563,0.0314744880998276,0.988849488834744
0.872348626315316,-0.461732957151262,0.160656622789514,0.462789725481636,0.885851087631829,0.0330684219480926,-0.157586624287766,0.0455030418967323,0.986456247901412
0.855975511831937,-0.493103515421711,0.155418294363322,0.493140455575457,0.868980305421646,0.0410575189719487,-0.155301043843513,0.041498817670526,0.986995153946089
0.848240301774005,-0.50579393965052,0.157037833209557,0.504981806295233,0.861792295269793,0.0480355610399716,-0.15963009038759,0.0385555498784224,0.986423693864063
0.845285614421816,-0.510469025994653,0.157840436997632,0.506325560420183,0.85961492828035,0.0685317586433885,-0.17066533601385,0.0219897380075087,0.985083648481509
0.847346732386112,-0.513009177791966,0.137204586715569,0.503467452565103,0.858245266848415,0.0996774103791718,-0.168890613481582,-0.0153832842235652,0.985514746335291
0.859384182559663,-0.491955284581112,0.139423185801278,0.483919773082412,0.870573680434505,0.0890119101838959,-0.165168035606549,-0.00902579123608022,0.98622414039935
0.870941422869329,-0.470608508924065,0.141381290341462,0.464057750121241,0.882338363760258,0.0782905894043575,-0.161590353928571,-0.00257743382801273,0.986854555824769
0.896083344276765,-0.420554275481603,0.142016694384544,0.419066783668451,0.906997110371668,0.0417045873162893,-0.14634777393438,0.0221436932688936,0.988985331495299
0.918617307098652,-0.369288722361549,0.140599013635929,0.37231766948032,0.928091376567541,0.00509408811356608,-0.132369921400464,0.0476679795831535,0.990053517558973
0.94057388261561,-0.318773787209285,0.117064272643911,0.319522976546405,0.947491822226787,0.0128185128734801,-0.115003646900103,0.025347966419655,0.993041611312469
0.961083767501111,-0.26108861652189,0.0902813722124118,0.259578113880554,0.965307519514972,0.0282947974381277,-0.0945367369866593,-0.00375860220507049,0.995514278285038
0.972360464117242,-0.218708527982721,0.0817417127868855,0.217625904601824,0.975783449073438,0.0220369272036978,-0.084581874346341,-0.00363872257455699,0.996409888665345
0.975606674749595,-0.201790376918123,0.0864422348582003,0.201075706058155,0.97942839972217,0.0169873556177271,-0.0880918646485188,0.000808455880357904,0.996112026722817
0.972531474766466,-0.217699273827619,0.0823987667595231,0.21475809659046,0.975714743832318,0.043124223089516,-0.0897858036518353,-0.0242438619687286,0.995665980446975
0.960919775533767,-0.265618456237989,0.0779744874550796,0.259810556087825,0.96256933542338,0.0771929365157648,-0.0955597191994095,-0.0539176242831537,0.993962388553104
0.940678680807755,-0.32470462722983,0.0984404618504044,0.318947299352712,0.945191261393794,0.0699006410587132,-0.115742125906667,-0.0343567233645065,0.992684932821215
0.918804569476772,-0.373041917960625,0.128987947316265,0.369068078147027,0.927811547912993,0.0543551768661764,-0.139953266490871,-0.0023364510592171,0.990155353565784
0.886038241990894,-0.434796554455073,0.160898073213087,0.431148712848446,0.900363024796184,0.0587980525952348,-0.17043186655909,0.0172736740116476,0.985218046448259
0.846047500663858,-0.501616695790193,0.180511265922571,0.494791125414724,0.864904456815134,0.0843920777807242,-0.19845747360901,0.0179156659336542,0.979945743438321
0.807983363380909,-0.554995262694946,0.197846260732524,0.546704832464231,0.831390371320703,0.0995182226302252,-0.219719618286422,0.0277544385889896,0.975168180612288
0.739403982780864,-0.625032536881938,0.250232048480455,0.623825927011256,0.775824657476684,0.0945373663676531,-0.25322512323295,0.0861999343973894,0.963559343410432
0.666112492689105,-0.675095353026258,0.317081080176442,0.689455489588368,0.719499258422652,0.0834981736669472,-0.28450883107554,0.16299411477598,0.944715641655427
0.608963632265948,-0.711051072906629,0.351524773374218,0.729218283876749,0.676238003424838,0.104608112418853,-0.312096121471113,0.192635755877041,0.930315793975556
0.574593336531335,-0.738080789015268,0.353665444311977,0.75120127432834,0.647131572009707,0.130066805741207,-0.324867885549287,0.190938412570243,0.926284718401362
0.537327081872935,-0.765159486702154,0.354697853102628,0.772562343985966,0.615251522517042,0.156885272397925,-0.338270648654042,0.189727499193339,0.921724711781677
0.532613933767885,-0.776836707710699,0.335927264611706,0.772437261351806,0.608391122419128,0.18221119459823,-0.345923510088026,0.162434515158561,0.924095208002716
0.547079086928242,-0.793188587544648,0.267500163055444,0.767079610011164,0.602970286041013,0.219124864076941,-0.335101991266661,0.0853152901920048,0.938311225931233
0.577593996533511,-0.7879842729771,0.213227485820189,0.756113116813602,0.614874464576282,0.22410343012647,-0.307698114636516,0.0317833030502152,0.950953044001833
0.617717758505582,-0.754931287187786,0.220235152625173,0.733671152227655,0.654060105143459,0.18420645821651,-0.283110245691999,0.0477925777157897,0.957895849400913
0.677713952123672,-0.690750959924117,0.252124791444286,0.689967556504716,0.715920713361421,0.106781567468289,-0.254260830777815,0.10159056818418,0.961785208031497
0.735996866230965,-0.628887630134395,0.25061716134803,0.641475972529863,0.766164683054269,0.0387331267420627,-0.216372802276685,0.132257427406916,0.967311109897244
0.819413658496292,-0.527957582257074,0.223208529422577,0.552929154493352,0.830688845795741,-0.0650030120979482,-0.151098002571145,0.176682859405788,0.972600925771308
0.9116448371888,-0.371285650870188,0.176211964079939,0.401777864382108,0.89537581462596,-0.192033065578429,-0.0864768091430313,0.245864019410728,0.965439094629817
0.982154856875171,-0.172737467787563,0.0743882002662645,0.186340377191826,0.947329603326439,-0.260468590216515,-0.0254774595382113,0.269682016240815,0.962612335871387
0.977428899527099,-0.175850072517397,0.117087567080677,0.17512555003266,0.984407352982046,0.016528917709233,-0.1181684733548,0.00434918274007984,0.992984036384518
0.974204173972355,-0.166589862918351,0.152230236772094,0.18341990875549,0.977508402069463,-0.104088716755145,-0.131466210438159,0.129325718464852,0.982848662845191
0.970587696351474,-0.15298496568397,0.185890085711466,0.193275056733505,0.955520709388324,-0.222766528847341,-0.143541896796029,0.252142368920235,0.956984822063281
0.956636191698303,-0.208271574517844,0.203642205794444,0.261503349510579,0.922023207109748,-0.285463139031649,-0.128308982256569,0.326337489110449,0.936504483851183
0.942441357475841,-0.253222329217995,0.218363778371112,0.321984789499165,0.863383417432388,-0.388451888699164,-0.0901669731679678,0.43640294051276,0.895221978316855
0.928699506899751,-0.289592738594495,0.23163175869794,0.364581880543225,0.827225254058553,-0.427525942402711,-0.0678032319563394,0.481491874075879,0.873823950767643
0.903256239618501,-0.360833775263196,0.232222204406807,0.42607848490539,0.818328335617686,-0.38574066395172,-0.0508457499794617,0.447367546604016,0.892903683470132
0.886005921980348,-0.418401353273888,0.199834465982056,0.463079009874991,0.820296537386032,-0.335665639238934,-0.0234805627903526,0.389940890816883,0.920540474308427
0.874610517752941,-0.444970403733417,0.192503979276412,0.484735584022587,0.810238264360955,-0.329462241459667,-0.00937314345427287,0.381464670404308,0.924335896422463
0.871678324434989,-0.443241298868606,0.20907905128798,0.489985386280652,0.796535922908235,-0.354181937354414,-0.00955091312968,0.411178397406767,0.911504857674599
0.874348412005943,-0.438434184069042,0.208063261202934,0.48504608094408,0.803335081559421,-0.345518517733429,-0.0156573875047776,0.403023836733798,0.915055535604749
0.88342033227376,-0.431639757384582,0.182361279800015,0.468091638134716,0.830712106630058,-0.301343017517594,-0.0214180959395917,0.351574338857703,0.935914926381181
0.898060473945582,-0.409100612831737,0.161629433326158,0.439403193800405,0.851306370237046,-0.286709430036453,-0.0203031626758112,0.328502895838869,0.944284718191943
0.910998357565994,-0.381924178100141,0.155614635219809,0.411854546970007,0.862096911334367,-0.295236765339064,-0.0213968374343563,0.333050803407341,0.942666079636651
0.926361564653272,-0.346818017109216,0.146872443097998,0.375717400148966,0.878154919376157,-0.296108717873613,-0.0262809200456232,0.329486267671181,0.943794528834359
0.938016634762352,-0.320917179659257,0.130908199547092,0.345380911338863,0.897028840266899,-0.275773975951607,-0.0289278238353469,0.303893770138465,0.952266642006944
0.946308799189641,-0.303690373942089,0.110778216952506,0.322490120583935,0.91058012530623,-0.258541984062643,-0.0223557308541006,0.280385435021514,0.959627130257255
0.941999709277398,-0.312571018043318,0.12221254600352,0.334505754074559,0.903991792223106,-0.266279439845185,-0.0272479028974569,0.291715954778992,0.956116809555753
0.930953298548519,-0.337337751338026,0.13974690495262,0.363099315519741,0.895660075283239,-0.256811052357014,-0.0385336604895966,0.289821101829778,0.956304808072952
0.914010852802105,-0.375499726419374,0.153571209603055,0.403026057813619,0.883745986673801,-0.23782982941835,-0.0464129042743844,0.279272244408433,0.959089597389052
0.888234359220806,-0.428039068362442,0.166800117071355,0.456707468238688,0.861967576663424,-0.220068592116161,-0.0495783375539364,0.271651344072499,0.961117857345806
0.858458398640152,-0.479723458591505,0.18142376107112,0.510632347839765,0.832535916009906,-0.214798868463488,-0.0479977410284617,0.277036733720549,0.959659765242669
0.831420728904954,-0.517099033705302,0.203342471924089,0.553688201039465,0.801696665245546,-0.225192879469691,-0.046571961273237,0.299818355467462,0.952858859510657
0.784556602818138,-0.565857098448243,0.253528462130386,0.617641682741483,0.749244058998565,-0.239065036748627,-0.0546780460032347,0.344149799057168,0.937321304086373
0.742785535285445,-0.603466379611682,0.289996512477453,0.666249890757814,0.709032926121339,-0.231048464052481,-0.0661870956902825,0.364829601806352,0.928718811056341
0.679333206695454,-0.660352411757373,0.320064191322762,0.729703923890651,0.654061546183201,-0.199338097871495,-0.0777082861698731,0.368969085548722,0.926187473554831
0.634041504281234,-0.700073951539361,0.328462833856214,0.769106986453079,0.615058839036313,-0.17371547977185,-0.0804102868907458,0.362765884420472,0.928404598686791
0.556590909761648,-0.754420684014315,0.347931014285986,0.825805811722887,0.548189291088141,-0.132413226155783,-0.0908367794200245,0.361023451686529,0.928122161591319
0.510635268312241,-0.780216713331478,0.361266526257157,0.854137653495387,0.508453723183002,-0.109195605510183,-0.0984910738954463,0.364330470341929,0.926046876104742
0.464434044010672,-0.804045923977411,0.371229269992557,0.879519084227258,0.46783110601261,-0.0870645549409244,-0.103668699441714,0.366938970923411,0.924450427212694
0.456486739165463,-0.814740349982519,0.357516459867859,0.883686383912445,0.461929168765341,-0.0756294779269658,-0.103528893811477,0.350456281373475,0.930839493678716
0.463319409592117,-0.819056911935461,0.338350261867727,0.880490653123763,0.468702398353611,-0.0710934001104182,-0.100356038467545,0.330853195221567,0.938330873815192
0.4873800834485,-0.809494629292588,0.327382191641801,0.868434900396669,0.488441748726957,-0.085120396342931,-0.0910026265047263,0.325796106862878,0.941050168015624
0.514805797182702,-0.791390421066937,0.329660723518255,0.85329974062749,0.510137361508623,-0.10788616703765,-0.0827921725294028,0.336839834100002,0.937914912095626
0.552423023674073,-0.765041733144019,0.330968200077881,0.830380523777091,0.53974296186596,-0.138368062961955,-0.0727804138932866,0.3512672510556,0.933442194080257
0.582583269212873,-0.745518508789448,0.323726562835984,0.810189507397013,0.564400294748375,-0.158256972648066,-0.0647278652283899,0.354477728976457,0.932821442250697
0.625860013357556,-0.719437404935942,0.301179454908728,0.778102822577126,0.602413152441983,-0.177916809948976,-0.0534344568381531,0.345699601017922,0.936822579082327
0.653126227180937,-0.703960891483518,0.279043356183455,0.755780298791823,0.628927572622671,-0.182335537822708,-0.0471409729061436,0.329983593011357,0.942808865580282
0.676792829845947,-0.690016489044345,0.25657106289687,0.73498708309457,0.653115383072549,-0.182302726469278,-0.0417786207676779,0.311957595260819,0.949177014895451
0.690611404116547,-0.677516604593308,0.253035845295737,0.722182521869911,0.664817664612344,-0.190970882400962,-0.0388367559122348,0.314624734119464,0.94842131095335
0.705626560187976,-0.657951645889018,0.263041421128342,0.707402273843015,0.675542538663171,-0.20790454881567,-0.0409045293215249,0.332779071049322,0.942117248198193
0.714630556597791,-0.646853134510935,0.266240849514328,0.697926791206727,0.684884211523272,-0.209360480802911,-0.0469186710448275,0.335432018715454,0.940895317837146
0.726104335136084,-0.638931493230245,0.254045353146157,0.685530950993259,0.701244889498513,-0.195711318483357,-0.053101880633956,0.316262789323668,0.947184268430569
0.734040535408839,-0.633087669583053,0.245732568046248,0.676995823478074,0.710674917535082,-0.191357823408782,-0.0534896940536004,0.306824321409505,0.950261905172279
0.742062253200639,-0.61838063592161,0.258745051144898,0.668090537065929,0.713797142341075,-0.210115858203687,-0.0547599000889131,0.328784167354361,0.942816166937836
0.751124516338636,-0.604907234521105,0.264384565697544,0.657754149407903,0.719912698141506,-0.22155176819719,-0.0563155386348661,0.34031300985805,0.938624320710699
0.760021309563348,-0.591240580193901,0.269818800941657,0.647301351506555,0.725738651253759,-0.233032981387098,-0.0580393775586827,0.351764106196687,0.934287666751653
0.759190729918189,-0.596497219693181,0.260423698047227,0.648717502920738,0.72597216124606,-0.228320000219,-0.0528681095800571,0.342279838719765,0.938109521855206
0.75126100236589,-0.603944014933935,0.266192661712673,0.658104160999201,0.716058121196658,-0.23272232454977,-0.0500581621689683,0.350017705114744,0.935404611121024
0.737842808454263,-0.613545407788978,0.281336138086424,0.673126815033611,0.699663641744113,-0.239522607083487,-0.0498826712900554,0.366104931682738,0.929235652621307
0.716606816583495,-0.632623362263057,0.293704531706704,0.695851923453886,0.677191138146918,-0.239169945939715,-0.0475896107527144,0.375765676897539,0.925491969178631
0.695878777807177,-0.654700255876864,0.295161483856481,0.716727921294019,0.659059910462097,-0.227905948275258,-0.045319018470641,0.370145389511287,0.92786775845936
0.672354815049793,-0.680090675533234,0.292259603318881,0.738828423637349,0.6408384273229,-0.208467432688801,-0.0455144274368811,0.35609378416235,0.933341124014169
0.645414043322588,-0.705256221908635,0.293350258464428,0.762343019460143,0.61873185331521,-0.189747238118279,-0.0476847288172961,0.346099053960398,0.936985384883531
0.624656047617953,-0.719775676538529,0.302865973060396,0.77935458432419,0.599010417052327,-0.183828594499505,-0.0491045218608584,0.350869627819651,0.935135952793238
0.601953337275539,-0.733787233706115,0.314973769372577,0.796859690401671,0.577498332082551,-0.177511436969064,-0.0516412001776911,0.357843502234984,0.932352516139904
0.590099686255837,-0.743570453696904,0.314460396027454,0.805573429542735,0.567996204540207,-0.168617203282085,-0.0532335410762415,0.352821898437298,0.934174982584947
0.577613552224265,-0.756257025234508,0.30730749432827,0.814413460170281,0.559526092209457,-0.153822196156087,-0.0556174449281362,0.339125144924801,0.939095754382587
0.573981456277827,-0.760272372239086,0.304189427592641,0.816720376322482,0.558399336836856,-0.14545792353743,-0.0592715340517402,0.331927854555945,0.941440802504885
0.576026486191336,-0.759864544023481,0.301329324729688,0.814927007668235,0.562651736336641,-0.138985595549527,-0.0639332415802335,0.325620789160259,0.943336441725695
0.584018012715022,-0.755891129091437,0.295891131643496,0.808875275384801,0.572517269213724,-0.13395807300503,-0.0681450636184081,0.317572948175585,0.945782043015996
0.600975976332681,-0.74402788106032,0.291976690980412,0.795736206630908,0.591269122488846,-0.13116674215639,-0.0750450886309816,0.311164485435211,0.947388461865675
0.620023507481429,-0.730971678368459,0.28504605872319,0.780143624602139,0.612982606445062,-0.12501299607822,-0.0833473164718674,0.299887861740044,0.950326520317056
0.635653609272005,-0.720740390837281,0.276546158959398,0.766778409242809,0.630965933074976,-0.118037546644655,-0.089416777723975,0.287080616403384,0.953723943050039
0.651057735704907,-0.710079239642318,0.268162820330832,0.753033238707997,0.648577139197286,-0.110854119957751,-0.0952090656384291,0.274107949428051,0.95697443324292
0.666961775630752,-0.695401345477464,0.267542442531288,0.738415451227014,0.664865291709118,-0.11267992398716,-0.0995219133491658,0.272710675604532,0.956934833818187
0.691072694231903,-0.671305592652644,0.267894256303383,0.714631323823314,0.690127028910545,-0.114134810542791,-0.108261730531129,0.270321078054203,0.956663949598823
0.709525195364965,-0.651672295339825,0.268136563394165,0.695215259731668,0.709494890789715,-0.115294156744899,-0.115107513996855,0.268216739652494,0.956457025062627
0.726373900680259,-0.639673087091288,0.251394705715231,0.676654335361943,0.729696170036959,-0.0983992371376869,-0.120498410140681,0.241581955212915,0.96286982093587
0.741109916636157,-0.628270978030905,0.236710096167524,0.659697653098926,0.746943884814751,-0.082908620984873,-0.124720078412884,0.217601496093055,0.968036409924105
0.752132325872733,-0.613008492112553,0.241904016037699,0.646601820560436,0.757354483854852,-0.0912155218856817,-0.127291201680246,0.22502171980243,0.96600319647088
0.764725317694113,-0.59481065405856,0.247781101571664,0.631009037046029,0.769164465002698,-0.10106246060409,-0.130471390135462,0.233637136593351,0.963530437900423
0.773465584689889,-0.579883815722395,0.255901835795613,0.618850706392584,0.77817104668411,-0.107115009685636,-0.13702113887181,0.241214805444838,0.960750032597701
0.778195143540514,-0.573102522517435,0.256838114878054,0.611847907372806,0.784070761359609,-0.104284128344049,-0.141613759266096,0.238299265347409,0.960811637794532
0.784582839649979,-0.564467518819934,0.256527168003789,0.602848630402886,0.791202336970344,-0.102822131829813,-0.144925141187231,0.235319532062114,0.961052246905406
0.789809084065058,-0.554849460501395,0.261426255203308,0.595366180087375,0.795985533533167,-0.109298408104069,-0.147447354457379,0.241969226529385,0.959015208991126
0.792482239060111,-0.551262853827658,0.260923679960364,0.591473763702563,0.799014130021127,-0.108329159869823,-0.14876386532285,0.240178446194418,0.959262021742673
0.796415989058531,-0.548202608919067,0.255334039928583,0.586528091540747,0.803056724056122,-0.105283881870942,-0.147330818926286,0.233610354056869,0.961103445146221
0.799212289497577,-0.543806368788492,0.255996776505321,0.583203912010138,0.804642302211082,-0.111462830165564,-0.145371638678634,0.238380785210388,0.960230018230199
0.801602064823277,-0.537683233084478,0.261401741637047,0.580282671272978,0.804962908242257,-0.123720401609683,-0.143896320631744,0.250861430303641,0.957268192146098
0.803672104003117,-0.532394402380271,0.265833311609658,0.577696961487392,0.805190775134354,-0.133918020918657,-0.142749325516576,0.26119727401466,0.954671992944108
0.805263847817052,-0.530217357361012,0.265367084153219,0.575666609414718,0.806331710982009,-0.135783381419767,-0.141979189333641,0.262104417776446,0.954538204567127
0.807339791998331,-0.528706849489508,0.262052528243805,0.57315511104908,0.808224623121476,-0.135152422318144,-0.140341294473178,0.259310674448671,0.955542932150392
0.809036833760487,-0.526730634742794,0.260795398813437,0.571055572175318,0.809457096315191,-0.136655562318176,-0.139122015174901,0.259488049143753,0.955673070273116
0.809906654207553,-0.525216612044174,0.261148850089689,0.569895786610852,0.809972407781983,-0.138432261539903,-0.138816439493041,0.26094483912255,0.955320777049145
0.810213767686355,-0.525194500606536,0.260239096186819,0.569648568823404,0.810118960252886,-0.138592129200132,-0.138036801936757,0.260534079865631,0.955545830685082
0.809993906078115,-0.526026822298893,0.259240533748962,0.570094430530917,0.809941153344247,-0.137795748835067,-0.137485317012206,0.25940530129802,0.955932360193198
0.808905492342065,-0.528131938946947,0.258357425910269,0.571979122616802,0.808587937100877,-0.137932705568543,-0.136058030815365,0.259349576901686,0.956151666427227
0.807390880809322,-0.530184656183875,0.25889031641437,0.574383934977365,0.806628629679819,-0.139403547375135,-0.1349187193308,0.261255591572776,0.955794148886724
0.804894902878103,-0.534367199538343,0.258061797595843,0.578176757614773,0.804110859059776,-0.138265553541779,-0.133625717116564,0.260494572687601,0.956183426610914
0.801586828104396,-0.540245002695075,0.256113049399152,0.583253373473004,0.800766765146778,-0.136338146418097,-0.13143081580015,0.258665662389428,0.95698381164926
0.797200014777137,-0.546188889585494,0.257196098984212,0.58990438084567,0.795340898393765,-0.139447756530118,-0.128393761135102,0.262888859093652,0.956244994688088
0.792598936319383,-0.550857262069909,0.261425329626313,0.596762303828179,0.788807242357909,-0.147166188825395,-0.125146629499419,0.272652546712025,0.953938630047229
0.78747474445508,-0.557007623690336,0.263867455356382,0.604096752817539,0.782446229696386,-0.151145661099523,-0.122272810063031,0.278424863804858,0.95264314154595
0.780309430388682,-0.566717965198585,0.264476730106196,0.613962592747646,0.774661000935108,-0.151493459716258,-0.119025743236819,0.280590594196224,0.952418915653996
0.774155855350739,-0.574699762977741,0.265335436870942,0.622067665270159,0.768277614517051,-0.150934843085747,-0.117109057939586,0.281903688279021,0.952268753600153
0.76316109311621,-0.587746637205639,0.268587111394302,0.636011788636514,0.756710335414985,-0.151256315542593,-0.114342252335051,0.28625750423282,0.95130567674189
0.752808211692748,-0.598865047123966,0.273204047812578,0.648730931662823,0.745302971403274,-0.153855968754327,-0.111480826655754,0.293059953167708,0.949572477032423
0.738082895427038,-0.614332699197643,0.278978447509083,0.665815527971173,0.730092071434655,-0.153802633074726,-0.10919396590703,0.299267275064934,0.947900720479051
0.722656073699093,-0.631361683293314,0.28133720695074,0.68299844823767,0.714792006913989,-0.150284751577809,-0.106213553046413,0.300757064290939,0.947767835194017
0.707393019209106,-0.647531472565219,0.283369208651443,0.699426928840163,0.699112169628392,-0.148472709582252,-0.101966109994648,0.303224613636492,0.947448017622899
0.68947658354771,-0.663562701464656,0.290355957342544,0.717628687624091,0.680142966888898,-0.149715100409039,-0.0981382058033506,0.311592820547093,0.945134279742941
0.672326496941672,-0.676363881551329,0.300847106090386,0.734024363918204,0.661745744366618,-0.152646005473921,-0.0958400473946789,0.323457059817049,0.941376766109031
0.655518867404833,-0.688016849572815,0.311332345219996,0.749177661935135,0.644344354874229,-0.153470463604941,-0.0950149742603088,0.333846022959105,0.937826736460794
0.638678329606608,-0.700575895709877,0.318250539105934,0.763574725615085,0.628149248624307,-0.14960668385658,-0.0950980004666654,0.338558615018171,0.936127360194232
0.624551193657524,-0.712496560403924,0.319819414535046,0.774985117490388,0.616063947786838,-0.14093714877811,-0.0966119773597969,0.335877751049206,0.93693770453577
0.620374943839626,-0.716970411417931,0.317943954506427,0.777760844046196,0.614641676626319,-0.131543448421175,-0.10110884493717,0.32889061784306,0.938939807959106
0.621033553290403,-0.719056465080862,0.311889605009387,0.776137762623329,0.619635955825527,-0.116882229950651,-0.109213090412955,0.314657086800218,0.942901595400524
0.628303488784215,-0.714950315047168,0.306725892280942,0.769446480511157,0.629280407228266,-0.109353933205988,-0.114833965404737,0.304716616042813,0.945495078938458
0.642540682974189,-0.703965754170449,0.302611446707316,0.756665555062236,0.645198929575891,-0.105714611367017,-0.120825115375155,0.296901596879091,0.947233198988099
0.662767490686718,-0.687835456879621,0.296009522732015,0.738012799920755,0.666929203860721,-0.10267689219503,-0.126792588276907,0.286509722866271,0.949650366324963
0.68308822952825,-0.670778482813893,0.288871420659527,0.718471384425964,0.688196800622201,-0.100915971849864,-0.131108124999936,0.276480362064391,0.952034279294472
0.714691307098711,-0.641046573144744,0.279777816520389,0.686059808314647,0.720359892228838,-0.101997868033234,-0.136155333985874,0.264841304798622,0.95463124205096
0.745266969571348,-0.60977446568998,0.269726240952636,0.652156663511953,0.750849395778456,-0.104483831744834,-0.138812212369434,0.253772114014967,0.95725173483545
0.772139649435207,-0.580623103666658,0.258219234873342,0.620259000497042,0.776975380596957,-0.107647713624682,-0.138127238705788,0.243281872392313,0.960070203939694
0.80227508316599,-0.54389388800658,0.246036845858686,0.580956061497886,0.806153644415185,-0.112278030820718,-0.137276165228595,0.233014463467829,0.962735433166834
0.820870648562074,-0.519647538613248,0.236934197494734,0.554405926678235,0.824660861674507,-0.112109462965021,-0.137132952981139,0.223385090897874,0.965035571557454
0.845060119930269,-0.487957257466516,0.218566027985131,0.517690757316739,0.848938079256281,-0.106303421287726,-0.133677498077506,0.202982394493737,0.970014677225725
0.854359756463841,-0.475372581821391,0.209976939180263,0.50325175317585,0.85760221687789,-0.106094818589599,-0.129642120703418,0.196314406141251,0.97193290636799
0.84956068524029,-0.480242438024687,0.218205964203902,0.510413427745009,0.852829340151385,-0.110273520640914,-0.133134424066953,0.205059301903272,0.969652467552836
0.844681663950344,-0.485009365292748,0.226448232857764,0.517559431384258,0.847968278954216,-0.114376714730866,-0.136547140472736,0.213812332351876,0.967284428161112
0.827990991894037,-0.513405322423358,0.225490337375456,0.542971393986041,0.834502910795012,-0.0937387709942161,-0.140046358950113,0.200049660789562,0.969725296443688
0.807630991997521,-0.541219460573211,0.234123207439896,0.572667355351375,0.81455529588711,-0.0924757809219403,-0.140656606243586,0.208761024712718,0.9677988188053
0.786583039245915,-0.562599900106913,0.254496512295066,0.600660352287893,0.79269503018818,-0.104123629903791,-0.143158176713883,0.234767845998235,0.961451920235904
0.762552915508013,-0.584799151188235,0.276627915835965,0.62970049756551,0.768985251247059,-0.110176979130145,-0.148291383485278,0.258208512899975,0.954640261800227
0.741878440600465,-0.604491038842301,0.29018436093556,0.653036418929667,0.749575101238469,-0.108076839123155,-0.152183490969746,0.269680832768466,0.950848270500383
0.715677287422247,-0.630734358679601,0.299966979931072,0.681138917721893,0.725285241535429,-0.100055450503913,-0.154453213085977,0.275926597471006,0.948687892710501
0.697780665407036,-0.648461817189075,0.304301519273168,0.699551654360963,0.708264256484203,-0.0948115281372312,-0.154044233468682,0.279032282423953,0.947845641178101
0.684997565791135,-0.660440803126986,0.307565083234757,0.712264856477635,0.695835961685492,-0.0921471033300469,-0.153157138544415,0.282188341343522,0.947054713795713
0.673478440312618,-0.67266634552835,0.306507386579212,0.723109575396174,0.685569679010012,-0.0843015847565833,-0.15342533169085,0.27841372598283,0.948127873643588
0.669495005256053,-0.68033126324741,0.29820430946816,0.72684450077873,0.682794722693753,-0.0740839952302637,-0.153210670727975,0.266347027221525,0.951622693857887
0.672875727692709,-0.679727752629143,0.29190484303578,0.723987621311748,0.686133584011999,-0.0711521544171643,-0.1519216221259,0.259212050639207,0.953797113402034
0.684449261334532,-0.668322717708706,0.291331346842497,0.71340176760952,0.696326236211813,-0.0786618759927723,-0.1502901414938,0.26167636071594,0.95338258617002
0.702033134351732,-0.650190070512348,0.290520826240448,0.696455760211982,0.711996393786724,-0.0895014486041932,-0.148656827424221,0.265167885389326,0.952673679818184
0.72803783709632,-0.625664431207893,0.280187307488078,0.669610697610491,0.736603416992238,-0.0950627146727339,-0.146909568788779,0.256825671607538,0.955226754755976
0.753032150147524,-0.600197538229183,0.269639566732752,0.641844808910242,0.760255986645148,-0.100230115460304,-0.144837226289278,0.24854325553883,0.957730874519031
0.772368670386417,-0.580911459789742,0.256882293843837,0.619122053056878,0.778881047545678,-0.100160856589701,-0.141896160709711,0.236402600787508,0.961238414711328
0.795531205306175,-0.555810481240558,0.241256731154274,0.59077042385407,0.799972061415009,-0.105047642785082,-0.134612063662169,0.226096019201047,0.964759131813767
0.807848127788775,-0.540435387332628,0.235182895948674,0.575320738370603,0.809731597851129,-0.115502326566012,-0.128013477528254,0.228613935620928,0.965063841417258
0.812354564525233,-0.53223877048409,0.238331602370742,0.569700330745496,0.811609179157712,-0.129352516231483,-0.124585691969393,0.240857699691184,0.962531024879707
0.808663534990274,-0.534982770986388,0.244656334323807,0.574995937886282,0.806669563877384,-0.136615834104777,-0.124269701018835,0.25115264175715,0.959937181250468
0.798275318555758,-0.549812452186425,0.245891811993516,0.589236949677612,0.797465947285993,-0.129799383873251,-0.12472502924164,0.24850418575952,0.960567195328193
0.775999274139448,-0.581289661178973,0.244800850369208,0.618224239799777,0.77789921673229,-0.112568192360347,-0.124995663360931,0.23869465518466,0.963016586423743
0.750432301889333,-0.612443751669389,0.248523663505517,0.648891071056623,0.754168497217798,-0.10084768568111,-0.125665182863303,0.236944147100897,0.963361683362257
0.724963567056572,-0.637944011299999,0.259721514101318,0.677014684158014,0.729390889766199,-0.0981837428523515,-0.126802775502109,0.24701491528355,0.960679284544235
0.695068792359183,-0.663100878308055,0.27780676571213,0.707681466682565,0.699164550528894,-0.101763809862552,-0.126752970783176,0.267331547840533,0.955231661916011
0.672123342199749,-0.680754175777681,0.291245540792458,0.729616503162456,0.675919068261415,-0.103890189496453,-0.126134734245686,0.282324574420772,0.950990464460554
0.648344179948968,-0.698145995628132,0.303713669621086,0.750704386506856,0.65268072447415,-0.102229134689001,-0.126857196901339,0.294278848523476,0.947263010417926
0.622956705838886,-0.715337025676029,0.316572080808364,0.771847585043465,0.627883058749083,-0.100070824911487,-0.127185880163388,0.30668518750156,0.943275117690591
0.613690704590975,-0.727997612258652,0.305619363987847,0.77899016707576,0.621370623081069,-0.0841003470333025,-0.128678042796401,0.289686080641693,0.948432357094876
0.613940293269231,-0.732562485063577,0.293988982409153,0.778801127576312,0.622846981534512,-0.0743669367340796,-0.128631722317461,0.274615809943315,0.952911347892773
0.625554747657865,-0.726094690789296,0.285425572943812,0.76963952720073,0.634257572341947,-0.0732961806449386,-0.127813363358229,0.265525576799102,0.955594010138491
0.645708494385795,-0.710581101895869,0.279526452963729,0.753201857734708,0.652878690525129,-0.0802270338675006,-0.125489050450688,0.262343120905896,0.956780322294695
0.669758526403128,-0.689900929487823,0.27470024354221,0.732271789434297,0.675030496508992,-0.0900658380381597,-0.123294536411813,0.261477601860391,0.957302418787467
0.70079921441123,-0.660464817906169,0.269567589648265,0.702745912311864,0.704123855333362,-0.10177317465544,-0.122591369229521,0.260760082563749,0.957588395675187
0.724385329394081,-0.637462520240344,0.262502247318875,0.678614105997333,0.726418830719482,-0.108621257208615,-0.121444595186735,0.25682137306885,0.958798202248503
0.753058078528175,-0.611138796243792,0.243747619658416,0.648106858186107,0.752861146491325,-0.114706558120708,-0.113406484539409,0.244355204220119,0.96303141352448
0.768192259998558,-0.597289454089524,0.230490693330009,0.631808265662637,0.765431493976954,-0.122200423356784,-0.103435811587092,0.239499344595439,0.965370963319114
0.777310228437484,-0.586548316927479,0.227486001055032,0.621665665314149,0.771619292400644,-0.134667992353954,-0.0965433029059222,0.2460990440954,0.96442451812433
0.777172459740785,-0.584366030620005,0.233493704578687,0.62178790126899,0.77020700024365,-0.141989374993985,-0.0968647183238777,0.255533792350635,0.961935396641032
0.76875547874298,-0.592277624892146,0.241292828229048,0.631955101109613,0.761439542138737,-0.144369573834273,-0.0982230323508335,0.263471134509398,0.959653686074377
0.754114511864257,-0.6093315292911,0.245002837549906,0.649102723671081,0.748272698741863,-0.136943866019446,-0.0998847191442188,0.262303365836846,0.959802056234588
0.73152106321928,-0.635540795611727,0.246910573244139,0.673952619078463,0.72885288181303,-0.120670393676829,-0.103270524854947,0.254678962197615,0.961495618768037
0.706350793946803,-0.662031467194474,0.250565145890358,0.700027224824418,0.705825728714546,-0.108498503165723,-0.105025903449322,0.252040427568501,0.962000614592185
0.683824113665674,-0.680535347151198,0.263165770660159,0.722223327207103,0.682626281593476,-0.111421835004479,-0.10381737430343,0.266257396058142,0.958294814677132
0.660650411713852,-0.698189675754653,0.275811910859435,0.74371195141327,0.65872188728602,-0.113921062738234,-0.102144832602458,0.280386611449187,0.954436892252525
0.649495855525776,-0.708236483690918,0.276687941233382,0.753424209018267,0.64850115980332,-0.108619551642168,-0.102504121478308,0.279011341889309,0.954801328118623
0.641241065880241,-0.721194361837824,0.262085077564728,0.760377376929581,0.643115834087383,-0.0907098043200292,-0.10313166382088,0.257450415419016,0.960772160045301
0.64333135049118,-0.725167637619974,0.245472342278845,0.758574967118674,0.647082838256075,-0.0764710382783133,-0.103386617780532,0.235405390301768,0.966382693078045
0.655254312282174,-0.717621969769578,0.235924764998607,0.748276174988722,0.659415979895106,-0.0724798689514782,-0.103559413767479,0.224029627422373,0.969064587041095
0.675359301195775,-0.699071003378202,0.234924554962119,0.730181994768871,0.678565053981031,-0.0798981979213047,-0.103557079930384,0.225497671277363,0.968724280404274
0.69844022620997,-0.675048365874092,0.237678257614126,0.708136112750145,0.699921037561486,-0.0930257329880616,-0.103559143637255,0.233281471423624,0.966879133531977
0.732004954845418,-0.637727748728724,0.239733319718291,0.673276953558337,0.73096242338883,-0.111319717034913,-0.104244375814538,0.242893503607903,0.964435511590129
0.763203700201635,-0.602808748846076,0.232683743121783,0.637564796250933,0.761066355767816,-0.119537160330176,-0.105029722364865,0.239582166349929,0.965178295957298
0.785428265322538,-0.580353611120469,0.215156050558339,0.610669738495488,0.783270502234168,-0.116489445082746,-0.100920317668359,0.222883391909908,0.969607179785944
0.803379900104277,-0.564993137988535,0.188051828319516,0.589157517712271,0.800039832968403,-0.113268199363296,-0.0864531979255697,0.201789543063455,0.97560587579139
0.810021007659421,-0.558242930457982,0.179529378498628,0.581339363873404,0.804607589780126,-0.121042019478701,-0.076879848866163,0.202414073280248,0.976277640723383
0.808719538912956,-0.556445555027792,0.190633291085872,0.583291846717233,0.800448467658428,-0.138032141823831,-0.0757847539655332,0.222824134494197,0.971908471078062
0.79762541875985,-0.565492018367414,0.209791488175581,0.59771949772529,0.78766734154277,-0.149370549660806,-0.080778050157223,0.244538210162938,0.96626909832774
0.776132860843076,-0.596359685514474,0.204872906487464,0.625115317096854,0.770317380081268,-0.125864904860845,-0.0827564054949364,0.225757080592854,0.970662205873778
0.75077394204653,-0.628405685427231,0.203579916658419,0.655220148315645,0.747561551515388,-0.108803878318423,-0.0838155426227115,0.215076779822088,0.972993799361651
0.723785920864097,-0.655640165086329,0.215104427393962,0.684530653811415,0.721502921741364,-0.104169659264068,-0.086900660247367,0.222642107078261,0.971019447490277
0.695836972634797,-0.678998602390924,0.234033769925655,0.71236625246559,0.69396138383109,-0.1046514218698,-0.0913522296529979,0.239538088208141,0.966579678265074
0.677600974537252,-0.693300146407081,0.245340225601285,0.729308123371899,0.676420592064331,-0.102785426083167,-0.0946920297064448,0.248576124403091,0.963972681089466
0.659738071451209,-0.710282027776452,0.245448809521685,0.744950275033235,0.661139140080745,-0.089129822064223,-0.0989685041098795,0.241649495077199,0.965303453181013
0.652442408410888,-0.721099648473026,0.233096976984002,0.750907329872056,0.656639264097608,-0.0704489800477715,-0.102259892682421,0.220998130800763,0.969898314531554
0.653091488128757,-0.727455031390449,0.210429763670658,0.749761510693524,0.660199443833317,-0.0446583860517166,-0.106438645314247,0.186938149308537,0.976588420531785
0.66222305131336,-0.721437965764128,0.202454666193056,0.741407907896599,0.669999936614448,-0.0376084969790603,-0.108512415960628,0.17500670413088,0.978569215278937
0.684640265711635,-0.698862502008704,0.207023935457807,0.720414990507822,0.691983588762992,-0.0464860660230996,-0.110769797408487,0.180969379091671,0.977230850829658
0.708258055038268,-0.672821703094123,0.213732270186176,0.696773775343048,0.714906016296568,-0.0584439377281024,-0.113476136115073,0.190316430474345,0.975142462834994
0.740297934385693,-0.637120203829297,0.214561912316219,0.662256313322247,0.746027148139489,-0.069714200158128,-0.115652686130082,0.193704259404323,0.974219234094421
0.771480910072623,-0.603551615189723,0.201352062803926,0.626740497209308,0.775406112706869,-0.0770824852651401,-0.109606361819689,0.185663157838861,0.976481252902458
0.79637876118048,-0.576602204573708,0.182512373337772,0.596778272027313,0.798164655789704,-0.0823946374723317,-0.0981659960309073,0.174536758102249,0.979745047088485
0.819933823636199,-0.548632570481131,0.163434474529064,0.565920097862709,0.819858985291864,-0.0869809580957643,-0.0862726358261173,0.163809483374628,0.982712310630203
0.822072955218243,-0.544223625908541,0.167381902551343,0.56305772818503,0.82071510988703,-0.096915959130745,-0.0846289018589879,0.173917662720268,0.981117014205778
0.81356059859911,-0.554398555333007,0.175389264927289,0.574909143407153,0.812121682153892,-0.0996887666810378,-0.087170116633588,0.181935744756789,0.979439000421098
0.800799640987349,-0.571034919960529,0.18066282179853,0.591966606583865,0.80049040053699,-0.0937584947496081,-0.0910794800386866,0.182028126490941,0.979066029173763
