1,0,0,0,1,0,0,0,1
0.935863473553043,0.331626595206533,-0.119093913450502,-0.347075324005408,0.925904111886975,-0.149131804311934,0.0608134716635583,0.180901566998504,0.981619246307707
0.889272672659279,0.457301389715378,-0.00833982168920583,-0.449948231704455,0.877955845326724,0.163524072976033,0.0821017810248796,-0.141665001397739,0.986504092708956
0.931361388490064,0.353072975635884,0.0889125295190861,-0.355265891585171,0.827805061782323,0.43419457155031,0.0797001273904458,-0.435979648106636,0.8964204572246
0.91876845209628,0.338177822035745,0.203716204843323,-0.393567523954687,0.825242957110208,0.405066248690479,-0.0311309415338372,-0.45233817263543,0.891303002382499
0.95553018400005,0.255373415667854,0.147466898099076,-0.292572245426343,0.883580702107118,0.365631814904119,-0.0369262599110385,-0.392516956874509,0.919003204507447
0.978824496394887,0.177671511240134,0.101663362874457,-0.201481223311854,0.923954962364267,0.325134655450946,-0.0361652030279836,-0.33873302410024,0.940187224160088
0.98566621296613,0.117535151327545,0.12102728956487,-0.145985438306487,0.95377745047714,0.262672470509928,-0.0845598511083756,-0.276575601172152,0.957264628207264
0.987818777375426,0.0651720492984482,0.141303457334767,-0.093921148426211,0.973719955130117,0.207480762625612,-0.124068049645424,-0.218224776255228,0.967979889298087
0.987480430333711,0.104605476953373,0.118068174794506,-0.119840320025427,0.984202299771292,0.130323178372471,-0.10257045093082,-0.142840916113896,0.984416464348088
0.985883524661311,0.138026669870821,0.0947750716473559,-0.144182979126915,0.987639142298804,0.0614832752004112,-0.0851172387444384,-0.0742803002393854,0.993598255163962
0.983798296689941,0.17834232549211,0.0183009936352106,-0.178284604260807,0.983967490043461,-0.00475167561372516,-0.0188550076514755,0.00141190496737283,0.999821231626347
0.983777193025803,0.173623878494339,-0.0451351669860024,-0.172288313529476,0.984526849790674,0.0319940472966498,0.0499917143478806,-0.0236987522421434,0.998468425959843
0.988691312610912,0.119562868043905,-0.0905218700250274,-0.10550247213379,0.983530738343407,0.146753245644967,0.106577280606005,-0.13554337799682,0.98502247483996
0.992797800454611,0.0802347573941386,-0.0889657862236383,-0.0592050403670367,0.974177212796701,0.217884192319657,0.104150326968397,-0.21104772392413,0.971911296167927
0.99617196935577,0.0861653744958918,-0.0147287374825495,-0.0794013012661513,0.962385169558308,0.259827286425944,0.036562833958666,-0.257663178689176,0.965542772496745
0.99156639809662,0.126099695668582,0.0299156299948015,-0.12951371208346,0.955741517049242,0.264167278387722,0.00471980381557408,-0.265813881015843,0.964012813250549
0.987807368609138,0.145588182330416,0.0551423946452841,-0.154928146481082,0.954093272943917,0.256326541643859,-0.0152928725041132,-0.261744355600824,0.965016072592412
0.989226494253286,0.135318194879045,0.0558563264279945,-0.145387001259746,0.95276153723477,0.266660970205122,-0.0171336782989711,-0.271908880510944,0.962170461907469
0.991212016389195,0.0973778854287287,0.0895337142929689,-0.119545306796868,0.949189348154233,0.291115957950409,-0.0566361915078009,-0.299260971026914,0.952488956907911
0.988106257134958,0.0657306736837006,0.139016197429763,-0.104969949912102,0.948959856265061,0.297416376167898,-0.112371411961383,-0.308471505547078,0.944572917269664
0.982409678326039,0.0413779973906768,0.182096362575602,-0.0921513425827411,0.955560116077535,0.280023203720844,-0.162417221967149,-0.291877929781997,0.94256454426986
0.978121647507065,0.0068054928758293,0.207922408471965,-0.0622835961864745,0.963199434063054,0.261471994421375,-0.19849130037396,-0.268701573287781,0.942550087893755
0.976213053290581,-0.0449243391135515,0.212108176033579,-0.0125952021861666,0.964895319548155,0.262332581270328,-0.216447304134218,-0.258764035501989,0.94137757486768
0.972502847288704,-0.0983473923971164,0.211106613880408,0.0363132667451862,0.959408662977269,0.279671886435625,-0.230042514926387,-0.264315735083736,0.936598971552653
0.966458536681708,-0.140627057587709,0.214899808164816,0.0730886734311302,0.952766678064204,0.294777378688694,-0.246203051750235,-0.269183372154975,0.931087734568632
0.960621175580651,-0.171943200846174,0.218271603074746,0.100914302500385,0.947793544797174,0.30249578508083,-0.258888509936049,-0.26855713009261,0.92782207739389
0.959706590889595,-0.181573219631915,0.214463109451419,0.1163751326333,0.951495238771912,0.284804562988311,-0.255773509002893,-0.248370643407954,0.934286859366793
0.962435806259032,-0.17204189657185,0.210045006259342,0.117197833670834,0.961078335173813,0.250186133593361,-0.244912201846681,-0.216171273492785,0.94513913996994
0.965147790827246,-0.157384800648487,0.20909272198267,0.10746542156436,0.966835028067876,0.231692062162223,-0.238622976742142,-0.201146844434171,0.950052115383622
0.969330960298734,-0.139361275629625,0.202425107783635,0.0882276578131996,0.966098066164822,0.2426322463099,-0.229376044527605,-0.217331455172679,0.948764285156959
0.974409525084166,-0.118577189619857,0.190959491848681,0.0644391980251283,0.96124108192215,0.26807307246908,-0.215345460094074,-0.248907678722435,0.944283485130329
0.979268106535009,-0.0892797286637952,0.181832630660881,0.0311908420337399,0.953387301768206,0.300132944210335,-0.200152708941356,-0.28823910712611,0.936406487710641
0.978766171342532,-0.0674036962163755,0.193580793396067,0.00137195493872475,0.946521912512835,0.322636617377337,-0.204975363336978,-0.31552022259978,0.926516103235912
0.977015049457733,-0.0477613265933357,0.207750929757599,-0.0228292099460815,0.945529138630221,0.324736008435205,-0.21194438021882,-0.322014756933959,0.922705844790431
0.978837439535864,-0.0228661459430531,0.203357828304161,-0.0457371164931568,0.944154492993687,0.326313360950367,-0.199462736213471,-0.328708735401942,0.923127934867476
0.97651072322445,-0.0368598423510773,0.212292626931591,-0.0443035139435648,0.929859361142877,0.365237959619769,-0.210864900066166,-0.366064093454703,0.906384616707098
0.972253243589041,-0.0613064733311056,0.225754616028757,-0.0326039470128319,0.920117031235578,0.390284039475623,-0.231647605145776,-0.386815414840112,0.892587935092279
0.969662110780417,-0.0892333182504611,0.227580328303825,-0.00809026532864034,0.918767712435358,0.394715642194747,-0.244315244149392,-0.384581988008163,0.890172318136164
0.966235361662103,-0.131902788451818,0.221338835888191,0.0350915545606893,0.918393007397912,0.394110221589255,-0.255260276330295,-0.373036108656056,0.892012473548733
0.959547616798843,-0.179219356341478,0.21713772912188,0.0821380562199699,0.915877496812152,0.392965329963739,-0.269298553312241,-0.359233674849187,0.893548798912674
0.94717609486546,-0.229796550714283,0.22372078713261,0.1315294434847,0.914539520323922,0.382514668035481,-0.292502052662919,-0.332882878871094,0.896454983890698
0.93324932685476,-0.270661736149171,0.236194662322953,0.173351047762793,0.915200371691022,0.363809969484285,-0.314634880718395,-0.298580816934597,0.901029626368628
0.917101995028545,-0.309394100654805,0.251394552834119,0.215608848228223,0.915373335095441,0.340006591056628,-0.335315903709265,-0.257617832993474,0.906198817502751
0.902965869456975,-0.339365961853065,0.263597007819423,0.250319987278356,0.914011788257538,0.319252807184558,-0.349274308480845,-0.222290788972013,0.910271532331659
0.890348397835798,-0.364794069929595,0.272405978303393,0.282264611978098,0.911747494153914,0.298401065227508,-0.357220407166333,-0.188790342571485,0.91474137725133
0.883556309627573,-0.377496001651911,0.277173260712723,0.300917565468923,0.9111125969509,0.2816424230645,-0.358854937975722,-0.165440637130682,0.918614461608478
0.880523812862262,-0.382303201088923,0.280217910597568,0.31460665408619,0.913549513649087,0.257778857387894,-0.354542618294608,-0.138822003114342,0.924677231937785
0.882831154677983,-0.376406506573602,0.280940018756666,0.314019178946002,0.917814202978281,0.242917772230482,-0.349286569429771,-0.126234823326997,0.928473834739344
0.888876823348534,-0.361411141893446,0.281567006996727,0.301013280629053,0.924014550340085,0.235771320657847,-0.345382393585362,-0.124816254050047,0.930124671711357
0.896326344996296,-0.343578165732974,0.280273308213868,0.282478674846677,0.929708622019955,0.23632112981835,-0.341767291475421,-0.132649621836329,0.930375836049192
0.914018852604144,-0.303412947158996,0.269277033147083,0.238102800964022,0.938659660854841,0.249449588608521,-0.328445723457149,-0.163886010934934,0.930196098767644
0.934099649850293,-0.246434671273949,0.258317240895106,0.177445796538432,0.948325816089155,0.263042079959991,-0.309791596787907,-0.199870206216278,0.929559609291766
0.949171183499078,-0.184149392853265,0.255270573170375,0.114709806637087,0.95760061549033,0.264277735486404,-0.293113842518978,-0.221562772875575,0.930050650770938
0.958685141769593,-0.11056118632047,0.262104984747764,0.0430051024330758,0.967121022544868,0.250654122081584,-0.28119985795682,-0.229026530845618,0.931919249749615
0.962829838014858,-0.0612908554609674,0.263062984977255,-0.00675371656613943,0.968148074513804,0.250287221263405,-0.270024240283766,-0.242760657545812,0.931747912692644
0.963877535958743,-0.0530318940721784,0.261012861532183,-0.024898846861786,0.957744867448564,0.286539380017624,-0.265179454519113,-0.282687790834779,0.921828329904162
0.962090295993582,-0.0758961269664924,0.26195808875938,-0.014346906165945,0.945085619176386,0.326507792723927,-0.272353499405545,-0.317888267064816,0.908168828480741
0.95860040527523,-0.104574161144955,0.264857523636751,0.0106958095972348,0.942691809752796,0.333493255527089,-0.284553795728018,-0.316853904261609,0.904783256195069
0.953993559102051,-0.133674182959505,0.268379399362004,0.0414030438641815,0.945271621587943,0.323646951753419,-0.296954671878692,-0.297645383351746,0.907317556657431
0.948199558290396,-0.173866298998898,0.265872352324047,0.0850900212232796,0.945353560225084,0.314748049172635,-0.306067453261724,-0.27582087709632,0.911178115305509
0.941140616980728,-0.220422018098327,0.25625860572202,0.135483732238096,0.94055669619171,0.311443830485964,-0.309674825208586,-0.258393566457052,0.915059707038637
0.929570232023753,-0.271578974881678,0.249287071741639,0.187884473532257,0.930828609369511,0.313460563045383,-0.317172836700766,-0.244546438087817,0.916296039104039
0.916089654923013,-0.310355406873713,0.253888293482166,0.226224953583669,0.922824792868366,0.311795882018227,-0.331061949669698,-0.228197114556054,0.915600383567629
0.902015526500848,-0.341108006938931,0.264600297720065,0.259600933740291,0.918308446685838,0.298859418366916,-0.34492802894599,-0.200885351251883,0.916880434135139
0.892302564890243,-0.359808069673149,0.272643147150951,0.284073396569939,0.916905741886076,0.28033224191584,-0.350853869939482,-0.172690513620248,0.920369245712862
0.883936632857578,-0.37600306762026,0.277988708822069,0.309577415283087,0.916115773807627,0.254742444299129,-0.350453781601869,-0.139117152504663,0.926190350219621
0.882285866546501,-0.374258904406802,0.285485414976857,0.315917510433157,0.920414855416864,0.230288125029644,-0.348952398321038,-0.112990116382683,0.930303959631379
0.884953377792389,-0.361874334335173,0.293094669489767,0.310164620304054,0.927501073556995,0.208661608501092,-0.347354901283231,-0.0937481983831989,0.933035823457182
0.890425093066153,-0.339778663330443,0.302809533508291,0.290759490788884,0.936531190678665,0.195878144268805,-0.350145787000672,-0.0863700690712856,0.932704743750294
0.897949715788322,-0.313589936637512,0.308784163381725,0.260909116346255,0.944350756858302,0.200319946656763,-0.354418877774714,-0.0993126359575282,0.929797966988571
0.910481323418252,-0.278407180326611,0.305799283271122,0.216318532180101,0.950840320562963,0.221605454416554,-0.352462838242548,-0.135617575314951,0.925946986022256
0.923578042467539,-0.24232566729103,0.297122652188932,0.172493350000725,0.954705286638335,0.242453830389088,-0.342417353061078,-0.172673352422341,0.923544405909036
0.942651160349025,-0.183794956560457,0.278618383879413,0.109780216764371,0.959018674059292,0.261211574806178,-0.315209603121167,-0.215644607510819,0.924197116069781
0.956720478666298,-0.133819774833998,0.258414770405847,0.0592836464383647,0.959000769226782,0.277133494705005,-0.284905905459152,-0.249819519825445,0.925428999193717
0.965124011556005,-0.0916168764613539,0.245238639421907,0.0155256467164891,0.955146705276825,0.295725760955754,-0.261332348958328,-0.281604544257173,0.923257431078479
0.967303835507966,-0.0692245933707197,0.243990256945305,-0.00415374233943772,0.957576313646815,0.288149874140443,-0.25358634867862,-0.279741951117872,0.92597969985773
0.968012865431324,-0.0571490455285338,0.244305298662581,-0.00867370785604755,0.965509216511475,0.260224364008106,-0.250750591527643,-0.254019565046814,0.934129649150461
0.966553644528875,-0.0668634177432496,0.247595104183503,0.000792856893929717,0.966190998380553,0.257826154659169,-0.256463298789308,-0.24900650195543,0.933928443917427
0.961948984706329,-0.0998820845919986,0.254318147209394,0.026104513866575,0.960126326820673,0.278345093187629,-0.271979236667529,-0.261114928189479,0.926199918537219
0.957257466040882,-0.132337309827852,0.257186663994295,0.0534394576140974,0.954802615736145,0.292397314203338,-0.284257573476764,-0.266155596242013,0.921063966568099
0.950860451017702,-0.174700755910805,0.255624819950261,0.0919009631346922,0.947649907901635,0.305800367934602,-0.295666392519214,-0.267281308621114,0.917137986562796
0.943629444264279,-0.210666130335909,0.255310112308113,0.125042254726965,0.941041924743409,0.314331879401399,-0.306476600167588,-0.264688264576488,0.914337036406818
0.933516910047741,-0.246877199310292,0.259995821342618,0.159062924217835,0.935069291023729,0.316771853427118,-0.321317856326391,-0.254356186174204,0.912172004482009
0.925981749821416,-0.268924046085695,0.265023878989358,0.181246074362774,0.932360566181533,0.312815656829599,-0.331221465979714,-0.241627051603391,0.91209029619205
0.919461090477942,-0.285762792089293,0.27005727124898,0.200568434537327,0.931656779623339,0.302965258815451,-0.33817688591085,-0.224399803117556,0.913937154402009
0.91274448328573,-0.298123336273734,0.279320576758109,0.216308885305323,0.932685654281154,0.288631142526412,-0.3465659740503,-0.203026960444054,0.915790412137742
0.908749562584628,-0.300981225182464,0.289109900539413,0.222529536306016,0.935500471013977,0.274443936358694,-0.353064920338563,-0.185065315011453,0.917112856308336
0.906569680684444,-0.29682035498465,0.30004848096681,0.2235607078515,0.940709513649201,0.255120012611357,-0.35798327330846,-0.164205017574582,0.919176092070878
0.908240432816062,-0.288281408392523,0.303303718693515,0.218984372797868,0.945101940135356,0.242545185940084,-0.356574200789142,-0.153870570050313,0.921508918569959
0.913109178799043,-0.273741811967417,0.302154013664773,0.205281438026288,0.948976273631103,0.239381626878679,-0.352265750243755,-0.15655495030825,0.922713058723667
0.918775547570902,-0.254979436898499,0.30139173834847,0.184595850449458,0.952316347178215,0.242936096317493,-0.348963988375061,-0.167568080659965,0.922033119340788
0.927548747015762,-0.223082734159613,0.299812300663864,0.151470910627608,0.957848605780419,0.244095496964097,-0.341628285045502,-0.180997630162324,0.922241819010877
0.937090817426703,-0.186132669671883,0.295322584939536,0.116384274986635,0.964171263057723,0.238387239653276,-0.329113203062999,-0.189019588335416,0.925178952849189
0.948224847141981,-0.139943372916676,0.285106105931229,0.0732943617188901,0.969879871467889,0.232295009549603,-0.309026820523373,-0.19937122986563,0.929921253063441
0.956525233738925,-0.106466456033096,0.271522321293199,0.0393026436267814,0.969551284584184,0.241713898576609,-0.288989237558495,-0.220533898303434,0.931584682288438
0.958137223510149,-0.106905831198101,0.26560158918972,0.0297289234032169,0.959807022019028,0.279081836736555,-0.284761746092321,-0.259502646882081,0.922805030449903
0.959741478621893,-0.107098403096021,0.259665604705249,0.0203339925123737,0.948521468567411,0.316059412793271,-0.280147859105092,-0.298055289704784,0.912513134874139
0.956994470625719,-0.125476311442669,0.261566967445318,0.0313274963474831,0.941050119808165,0.33681339044289,-0.288409727929548,-0.314134314069281,0.904510619926502
0.952546923025081,-0.155029873216564,0.261954381230596,0.0552230617724068,0.934316964854416,0.352139493146837,-0.299340563378786,-0.320963467696382,0.898541974267415
0.947764667548962,-0.183768187918385,0.260713229535819,0.0818996696553643,0.930157605569463,0.357909587621824,-0.308276789681198,-0.317861733951217,0.896621067694362
0.9409928213222,-0.216261925502345,0.260313829440742,0.11382925846502,0.926625218131982,0.358341464303476,-0.318708974045899,-0.307565415318227,0.896564612932462
0.933718851204161,-0.244382272762089,0.261622651285427,0.141927704135617,0.92357558722076,0.356180658498773,-0.328672532629017,-0.295441093027803,0.897044551204545
0.924823184510766,-0.2737224161871,0.264155477452314,0.172339906386048,0.920559285197838,0.350527544000314,-0.339118023788491,-0.278651469245615,0.898527865249068
0.91907005413261,-0.290328883873262,0.266494605546878,0.190457431000925,0.919226046085407,0.344600410874268,-0.345016235231341,-0.26595604032827,0.900128425303689
0.910942931309773,-0.310586227343144,0.271512746075595,0.214284319872425,0.918648690835453,0.331913863951355,-0.35251270353502,-0.244173664040698,0.903390289761501
0.906541208262198,-0.319347981835509,0.276043301349807,0.22634664127281,0.9197411321343,0.320692138732511,-0.356300765796301,-0.228239164820372,0.906066580299189
0.903968121491751,-0.32271199424183,0.280532714846477,0.234378484679422,0.922676665744525,0.306160899544574,-0.357642784417709,-0.211008860626812,0.909707040475625
0.904189354415577,-0.319536266358087,0.283439915755482,0.235940463849528,0.926805252490007,0.29217139058334,-0.356052957971156,-0.197303315833432,0.913398977819179
0.909243609035408,-0.301179283324486,0.287344912473518,0.218362257774197,0.932790971851235,0.286738429954169,-0.354392414997865,-0.197969801053029,0.913900418023213
0.913369478051107,-0.285081637593391,0.290662444205848,0.202959333301095,0.937718983613249,0.281940803711183,-0.352935837781631,-0.198523468835308,0.914343877723788
0.923785572629478,-0.256354757256493,0.284433567346739,0.170240402755526,0.940334989435225,0.294598562307236,-0.342984578474402,-0.223723816514512,0.912309833802594
0.93218722664963,-0.230377954362133,0.27920059565694,0.1410436358777,0.941532781968461,0.305978288865612,-0.333367165824215,-0.245849585361959,0.910178177132193
0.94137810117641,-0.198617105623738,0.272687579436878,0.10268731612631,0.938662502058016,0.329192986463806,-0.321344963757439,-0.281893512844537,0.904031781346151
0.947975658015542,-0.171972644153825,0.267894683546988,0.0711142867693786,0.934662215759693,0.348352265169129,-0.310298098652379,-0.311178328445157,0.898266740939903
0.9511972203133,-0.162953866150058,0.262049395295998,0.0558223441620716,0.926055488268245,0.373235982376447,-0.303492527025791,-0.340392817425705,0.889957873095401
0.951394537945544,-0.164086887865059,0.260622190916552,0.0547799237053603,0.92291338704991,0.381090592855422,-0.303063678335459,-0.348290644770745,0.887043422634405
0.947962273575657,-0.180457300698564,0.262302669643025,0.0718978758799126,0.923912296814805,0.375788189327908,-0.310158384251057,-0.337374021553199,0.88880849808032
0.94228401592877,-0.210070851066778,0.260712621208157,0.102892102003674,0.922682456527596,0.3715781206711,-0.318612693831262,-0.323306854162234,0.891043561999808
0.937753093940352,-0.232290918751043,0.258186103171903,0.126567237734226,0.92085417503787,0.368793062092619,-0.32341903026511,-0.313158933101259,0.892934271646719
0.930746722916227,-0.259999492901965,0.25712020821286,0.155881235224454,0.918184976464475,0.364194164560373,-0.330774210430017,-0.298892309512391,0.895126699986514
0.922981723288776,-0.285025432346606,0.258583142123595,0.182248071362156,0.915518317176252,0.358624945311307,-0.338954833214774,-0.283877991098982,0.896952009424111
0.915110450464667,-0.306165178038752,0.262365674597216,0.204669014294273,0.913361043128922,0.351969031993238,-0.347395247575673,-0.268392415412481,0.898488760815009
0.908826049043246,-0.320703885906417,0.266803729630914,0.221517957423083,0.912922600892287,0.342785821350835,-0.353503899723251,-0.252430866465623,0.900729510194857
0.903905110024449,-0.330230517997472,0.271851718874113,0.23491253988057,0.914399877053824,0.329680092591001,-0.357451606065139,-0.234138142614723,0.904106011203542
0.901841188511734,-0.332667412697818,0.275707931029707,0.241813451550324,0.917428833762106,0.315991439173944,-0.358062460128202,-0.218304208642071,0.907818565097728
0.902731968367022,-0.327997020198153,0.278375552140149,0.243129601029405,0.922804704840791,0.29886363751213,-0.354912651777142,-0.202112422836479,0.912791092278887
0.90623709186196,-0.316430976875856,0.280367206011987,0.235923592700063,0.928820493112868,0.285714105323945,-0.350819599995597,-0.192779481395087,0.91638511544654
0.914138873380099,-0.292552272011057,0.280647979355867,0.212402421122747,0.935275052013443,0.283100315405061,-0.345304693968323,-0.199182693079541,0.917110093228192
0.924898714523496,-0.260283178007903,0.277155254539562,0.178661991796301,0.940976242116138,0.287478006915954,-0.335622199146841,-0.216370929237494,0.91681042774433
0.934524579023125,-0.229441131777419,0.272067231121917,0.144309693120947,0.943077802458629,0.29963139184862,-0.325328332109252,-0.240750961697975,0.914439965644826
0.943018722395477,-0.202280003671933,0.264194037264439,0.11148618563812,0.940183341984202,0.32191010215164,-0.313506809532844,-0.27411326777429,0.909161920015701
0.948396933096752,-0.187214600080607,0.255917859496623,0.0878054922176392,0.930591883300693,0.355371555236609,-0.304685826432889,-0.314562299475838,0.899008958197514
0.949522252659876,-0.188282074739065,0.250913036798942,0.0760259655286994,0.914123352135465,0.39824433410414,-0.304347735771343,-0.359065951341218,0.882294791052448
0.947390451061505,-0.199879483218,0.249999050850165,0.0779351373380144,0.901594917801828,0.425502900768044,-0.310447173615065,-0.383633674724235,0.86974005082668
0.942970299121758,-0.217231334187468,0.252225221620189,0.091068893067305,0.897159584734897,0.432216538593564,-0.320177250425005,-0.384597486946338,0.865777859121405
0.937108829084212,-0.237562793125215,0.255716565311991,0.112550165530438,0.899169126202921,0.422879820661314,-0.330392951939787,-0.367503471828526,0.86935705869481
0.930423091798109,-0.261884308407612,0.256377610681421,0.141090652971559,0.901594642675678,0.408926066597099,-0.338240000432986,-0.344301770701783,0.875813903063151
0.922677903264868,-0.287931907548817,0.25643849836178,0.172413556821354,0.902994849961476,0.393540171224313,-0.344875415550246,-0.318897346427265,0.882816759124278
0.913913109530481,-0.311884876811826,0.259789629978563,0.200717187515894,0.903529881891147,0.378611097520238,-0.352810769200765,-0.293873401562378,0.888348459215257
0.904885413318965,-0.332365767251682,0.265923646037291,0.224385549072571,0.903352866065627,0.365519800747398,-0.361709156823498,-0.271084112648118,0.892008906760362
0.897155876727936,-0.348428597568362,0.271493729668057,0.243983260315676,0.903260711680904,0.352976281666969,-0.368216650272988,-0.250434820123422,0.895376400923929
0.891707889984967,-0.359464500260527,0.275031474546108,0.258864083167122,0.903500291757968,0.341579579657967,-0.371276750395984,-0.233393435738278,0.898710787055368
0.888612680260848,-0.365304154053873,0.277345235240512,0.268204406161053,0.904388286558311,0.331885859373248,-0.372067065185064,-0.220532768919058,0.901627083021282
0.888167556675494,-0.364676114280902,0.279588488572161,0.269918741494453,0.906433888911597,0.324840696376932,-0.37189012390642,-0.213046794638132,0.903498090222267
0.890102204449674,-0.358034419255843,0.282009610229794,0.264771512643911,0.909861373038365,0.319450039826258,-0.370963760664144,-0.209675073580226,0.904666928650009
0.893597071121745,-0.348783643193847,0.282549543838005,0.255501081753995,0.912773889769539,0.318689540740709,-0.369057545248942,-0.212588326103324,0.90476667262859
0.903450923370022,-0.327270088905008,0.276894777794672,0.230094874635182,0.91517619609309,0.330921257659887,-0.361708138875077,-0.235259046611793,0.90211994948501
0.913493311174466,-0.302780282755853,0.27176105463034,0.201524861808486,0.916992357339268,0.344256803352444,-0.353436982378159,-0.259709678209454,0.898684139468235
0.92267565654847,-0.278848075241079,0.266295669786787,0.174711404540653,0.91802759127684,0.355951214041863,-0.343723083217115,-0.281902629623758,0.895759649389796
0.930220406483556,-0.25741434358814,0.261587176819993,0.150318259965646,0.91747515970034,0.368298455133519,-0.334805041901204,-0.303277409392661,0.892148192213384
0.933292705528311,-0.246825664624848,0.260848264495177,0.134862249994547,0.914091060377158,0.382426080262541,-0.332831638120613,-0.321736887255822,0.886401983326348
0.933624515672364,-0.245376603868607,0.261027941051244,0.120497485527228,0.90124452713082,0.416219483323834,-0.337380526582608,-0.357139502982592,0.870991248918259
0.931353579251431,-0.255518669953495,0.259404548380989,0.119717615983444,0.88770393966893,0.444577786129156,-0.343872364168434,-0.383003818259633,0.857356327532347
0.926403020333733,-0.274527768128617,0.257705157967116,0.130300083553603,0.875863750674801,0.464633811167239,-0.353269489402154,-0.396859162399194,0.847173815150911
0.92042724729052,-0.293812786010204,0.257852146049083,0.151917856761145,0.876614091479869,0.456583726621989,-0.360186961510679,-0.381079757263286,0.851494903896587
0.913681004293911,-0.312946450082398,0.259329022234872,0.178720944895727,0.882422557875571,0.4351887558381,-0.365028555387175,-0.351276171598872,0.862182814151843
0.906783750737668,-0.329850532080826,0.26256781197268,0.203014367295455,0.887462073772675,0.413758666720988,-0.369497491290199,-0.321884597489689,0.871700584965474
0.899173946144789,-0.346175597381708,0.267672692577753,0.227844403365234,0.892611259871094,0.389014224169861,-0.373594890796899,-0.288803730115724,0.881486961356602
0.892648770242613,-0.357974632196107,0.273920309010508,0.247438410678123,0.897102470502394,0.366034684612792,-0.376765717529387,-0.258962005171731,0.889374091129262
0.889812098062157,-0.36126819204699,0.278782573984317,0.257472649235471,0.90186493353714,0.34691133817118,-0.376752259499382,-0.236907017775223,0.895507007170217
0.889660248863045,-0.359434533751184,0.281622899530583,0.26215648382673,0.907036322522672,0.329483061191546,-0.373869789606687,-0.219298713109803,0.901182253957453
0.892090675840052,-0.351528734824123,0.283904516822451,0.260026201469132,0.913227052228851,0.313692087287739,-0.369541067580819,-0.206019173064925,0.906088019841821
0.897318703265388,-0.337323821466635,0.284660823158488,0.249743853175094,0.919784598596692,0.302695061052502,-0.363932895698339,-0.200521648844874,0.909584474237084
0.905303555092765,-0.320002946058268,0.279327026351603,0.23260842454854,0.923723370507481,0.304349232966581,-0.355413553435213,-0.210554623060927,0.910685432376199
0.915339532691344,-0.3012714139035,0.267187340749849,0.210601615793786,0.923698207269931,0.320044655183244,-0.343220773435169,-0.236679439434231,0.908945731950847
0.925783755411731,-0.279809662196521,0.254226259771134,0.185776525325215,0.922378642796919,0.338680855600378,-0.329259048249006,-0.26631596319707,0.905905230635399
0.935028226250658,-0.253051618680871,0.248368867609325,0.157597755375395,0.924078874635783,0.348197043285122,-0.317624249098182,-0.286431687728254,0.903920198164616
0.940367330699896,-0.231804514661428,0.248949694386096,0.134508079826067,0.925607207131009,0.353778001815598,-0.312436969345586,-0.299195529862517,0.901590358808496
0.942774674898052,-0.22318329347372,0.247719861708938,0.119925799632603,0.920195780681496,0.372635918556508,-0.311116883105613,-0.321603704472127,0.89430271290903
0.941779044803022,-0.229940893074315,0.24531493322277,0.120038159577747,0.911454455886151,0.393499193252627,-0.314074944901838,-0.34114214125122,0.885990388462222
0.937351942092692,-0.245585900365565,0.247100995944355,0.128899356134966,0.903422398646591,0.408916771008027,-0.323660767846596,-0.351447770181111,0.878480604334368
0.9311738591508,-0.265030142148439,0.250348292957997,0.143968969639225,0.89818815068926,0.415368489106271,-0.334945039991973,-0.350737893182622,0.874525443009287
0.922541223680199,-0.293181628833646,0.250922743339638,0.170540287284677,0.893032475742478,0.41642407192923,-0.346170046398441,-0.341375936152083,0.873858552165503
0.913915802760954,-0.31883344807061,0.251203379466132,0.197821658045405,0.890263993879518,0.41023970164997,-0.354435462492067,-0.325231077225248,0.876698493973235
0.908505468930644,-0.331002482270882,0.255059149323494,0.213475672707691,0.892352813064652,0.397661406447245,-0.359229662034064,-0.30682863905789,0.881368388455573
0.900670637769731,-0.346390771971608,0.262308664272414,0.235344919013359,0.896387924558992,0.37563473987295,-0.365246726684935,-0.276590169380143,0.888871591878266
0.89581871083013,-0.355062536830458,0.267281559906707,0.249506461280931,0.899500455176489,0.358671795540652,-0.367770802410564,-0.254616429314386,0.894379735245316
0.893583115731183,-0.358508263988989,0.270150032263098,0.257663079979673,0.902426888887993,0.345304861574995,-0.367585299618387,-0.238950904713792,0.898767774589699
0.89381172526481,-0.35630264759012,0.272303182315988,0.259660769950331,0.906275725719595,0.333527500395729,-0.365618495604289,-0.227404336571872,0.902557689779641
0.896793872796351,-0.346510827804967,0.275119966430716,0.253867083080193,0.912257439898413,0.321462077823103,-0.362370326935409,-0.218441318353257,0.906074575624332
0.901904992214682,-0.33251791128761,0.275679567054143,0.241635475424008,0.917447047825167,0.316074692839366,-0.358021901613361,-0.218455380134734,0.907798196107119
0.910455607394227,-0.312295607637398,0.271186357353751,0.22024943958129,0.921038355936527,0.321214151708586,-0.350086805419078,-0.232722582368207,0.907347468353407
0.919165107626695,-0.292506719464092,0.263771347932182,0.197337940863417,0.921573365763185,0.334305651480351,-0.340871298318576,-0.255229995463446,0.90480075563537
0.92904079674513,-0.267260504439178,0.255841788514092,0.168689297371142,0.921436293087677,0.349998683902198,-0.329282734038095,-0.282005284609627,0.901135894588957
0.935852100478015,-0.247021642237099,0.251318829969769,0.14752329252746,0.922306400375836,0.357194319646359,-0.320027692852891,-0.297205673048571,0.8995838280644
0.944616623777485,-0.218359681240691,0.244986701050668,0.118890543548814,0.923499663732042,0.364710035153233,-0.305883103060455,-0.315384560014071,0.898314035606055
0.949410593704665,-0.201832990007727,0.240588795886043,0.0998307489224885,0.920349459560578,0.37814110310323,-0.297747117754194,-0.334993009525711,0.893938665366912
0.951571168903414,-0.197071029179268,0.235956182309375,0.0866568140066773,0.908333941819362,0.409169948462874,-0.294962552026528,-0.368907115134858,0.881421938293388
0.946939144631016,-0.219612029583325,0.234684496351532,0.101264664936959,0.896828293713536,0.430632649981482,-0.305043806691243,-0.384017666334715,0.87148075592187
0.940912609188451,-0.242692214436116,0.236186263195546,0.121682122003607,0.893145814247674,0.432994244391953,-0.316033104365477,-0.378670098560678,0.869903462115863
0.932202474443524,-0.271776693789744,0.239031327139533,0.152071098861292,0.8934055911931,0.422730210082066,-0.328440142997912,-0.357720391280151,0.874164283261382
0.923386891416038,-0.29765294638537,0.242403325614841,0.181680407835612,0.895138234901715,0.40708693153395,-0.338155109631234,-0.331858801186815,0.880636620806299
0.912951358949128,-0.323756966681073,0.248397348452859,0.212461770209959,0.896823648153843,0.388030076555004,-0.348396056797706,-0.301477645336271,0.887542346578633
0.903011256865091,-0.344704041101541,0.256417226455624,0.237403176404403,0.897817929382132,0.370894456029043,-0.358064801129667,-0.274047604857709,0.892573531124312
0.894624549011926,-0.360401450459914,0.264116850677116,0.256767290610323,0.898429095887196,0.356224252593712,-0.365674000686187,-0.250870393170866,0.896296028693898
0.889218189226461,-0.370736782598974,0.268039642547468,0.269989036563464,0.898263405264006,0.346740212405548,-0.369319552805353,-0.235959938955054,0.898847025429789
0.887119872320615,-0.376484928662527,0.266978333622466,0.278054435473126,0.897651402348104,0.341917666662903,-0.368380323914806,-0.229087446955207,0.901007701742869
0.888443259555494,-0.376542203458642,0.262458651152747,0.280768299305378,0.898209654410518,0.338213806384223,-0.363094666245009,-0.22679370744853,0.903729427210476
0.893180794206596,-0.368292660311384,0.258047641378949,0.276125147707607,0.902068332285243,0.331704125225438,-0.354940800224385,-0.2250183109191,0.90740497468726
0.899912836960229,-0.354294678806152,0.254228571257909,0.264398595564899,0.906927435851842,0.327987818009315,-0.346771204885153,-0.227942770600097,0.909830657206961
0.908301262708659,-0.336692884316106,0.24824729165241,0.247185583065595,0.910748083499806,0.330812962149236,-0.33747311550163,-0.239114679708988,0.910459261176078
0.920556077564267,-0.310237967580511,0.237337126322465,0.220535703599158,0.914296324894877,0.339744365253858,-0.322398063731028,-0.260412430108926,0.910079587040192
0.931867559136065,-0.280677644600675,0.229875862263115,0.192664544147687,0.919743501225313,0.341982843695656,-0.307413769467401,-0.274393789607602,0.911155761967525
0.941975056247682,-0.250037915308425,0.223973289290025,0.162873554419382,0.923853912531971,0.346361304955053,-0.293522058247711,-0.28978438399539,0.910971905227839
0.947710693787362,-0.231141595579709,0.220040913636406,0.138562464140451,0.919149470105273,0.368733908308582,-0.28748023308117,-0.318963656860875,0.903115331056634
0.949891342142578,-0.227728666643776,0.214117006590369,0.125385519786001,0.90507053749728,0.406356731926985,-0.286330070985508,-0.359147569312439,0.888272544834298
0.948413742517458,-0.236959184622808,0.210622215891208,0.12950932278075,0.895962528618114,0.424827591647609,-0.289376412855125,-0.375634785576536,0.880431598449288
0.943529024015304,-0.252672504187494,0.214265224589407,0.142036789910818,0.892832213979527,0.427406349967155,-0.299296727600818,-0.372836751552254,0.878301898859045
0.937431894965811,-0.270088966212866,0.2197120675586,0.156518162312511,0.890602948420998,0.426999359636686,-0.311004030789191,-0.365893889801252,0.877153438252957
0.928569516163087,-0.297488809110545,0.221943826466613,0.181562665382355,0.885621414665018,0.427445561944428,-0.323718476753963,-0.35661620594236,0.876373909622696
0.919082123190764,-0.325313823999289,0.22239372011394,0.208659335991605,0.880498653692489,0.425656436987928,-0.334289294376443,-0.344808695889004,0.877130338606882
0.907694505375275,-0.349967000394363,0.231546504068851,0.235105817204841,0.881175186590734,0.410189645472957,-0.347585873746299,-0.317888957297604,0.882117152763885
0.896731749280759,-0.371747646335768,0.240157983993219,0.259017563250454,0.880825365579345,0.39630364277888,-0.358862190484964,-0.293172923026378,0.886153240384811
0.88902972399362,-0.385045873380658,0.247721265232425,0.278022727521805,0.883887054172096,0.376094454157877,-0.363771236956913,-0.265487006950437,0.892853367750458
0.881170217458806,-0.397830372271252,0.255480024193905,0.296801156868638,0.886066803562974,0.356082424313717,-0.36803277183566,-0.237942460528198,0.898852192706202
0.878174708457684,-0.402767972608635,0.258044844292598,0.307135559762479,0.888346865715524,0.341332087713409,-0.366710961595981,-0.220494458919347,0.903828116530579
0.878023186915917,-0.401531464876673,0.260476037193464,0.30958401628916,0.891504644016942,0.330722249863082,-0.365010986267934,-0.209742586067348,0.907069472253084
0.885015264279505,-0.387962235816229,0.25735828250272,0.298189475339174,0.896887717816487,0.3266120916728,-0.357534639985029,-0.212315155395009,0.909445576161854
0.896488250961059,-0.36839799355829,0.246153883233654,0.278357066626474,0.9005381332082,0.333988643664715,-0.344711704686518,-0.230898222124202,0.90986804080152
0.909877101745286,-0.344115854057848,0.23174973291384,0.251832793529544,0.90201522591495,0.350640522930121,-0.329702750705395,-0.260677600118693,0.907382656310806
0.924244053509014,-0.314657601321373,0.216248753716423,0.221721962491394,0.903438208231829,0.366931567537908,-0.3108251934805,-0.29118722128133,0.904763892548916
0.937023844018817,-0.284494434767264,0.2026061014053,0.194989784710389,0.907386180786661,0.372329562049528,-0.289767664860653,-0.309375557379461,0.905715995716842
0.948404511528404,-0.253328567265558,0.190665989415389,0.169742384298914,0.913589739612543,0.36951496674317,-0.2677991887312,-0.318085561888411,0.909453225753278
0.955334136565247,-0.233006757152779,0.181781568466882,0.150727284169886,0.913256335721119,0.378476090489221,-0.254200655624456,-0.334171686990955,0.907585428647747
0.958510829439651,-0.226823757459542,0.172649856353393,0.139110716257447,0.900858750384726,0.411219795824095,-0.248807553079186,-0.370141182398292,0.895036483403632
0.957133568898722,-0.236729585150204,0.166896479297224,0.141360815087506,0.88470649686221,0.444197629853641,-0.252809120177639,-0.401563840409479,0.880246573881772
0.952257644735321,-0.257386070219048,0.164188272724742,0.155206847601048,0.871257668308094,0.465640322429327,-0.262899624383306,-0.417926412507679,0.869609855755773
0.945595591705,-0.281772517087197,0.1626444759665,0.176675700586139,0.864508936313425,0.470542235996545,-0.273193473147636,-0.4162073373315,0.867258196029852
0.937178405724344,-0.309600495413691,0.160761217597945,0.2051866953515,0.861897420370663,0.463714628633957,-0.282125957498964,-0.401597273394623,0.871277552854024
0.927415990682393,-0.336385073750785,0.163537953956492,0.234717635298782,0.863831024542557,0.445761811641043,-0.291216778201984,-0.375021390317188,0.880086214468911
0.916192956520819,-0.361769479451499,0.17237549175864,0.263537341079109,0.867973910933452,0.420914908022798,-0.301891596899606,-0.340211895259821,0.890571350339278
0.906118201862861,-0.38198183334173,0.181768212979349,0.286498349487328,0.87027761575825,0.400668899780321,-0.311237047913406,-0.310977090003471,0.898011553098912
0.897872043568895,-0.398218705691919,0.187743590608228,0.305387134415353,0.870514010958383,0.385932707681957,-0.317119049429384,-0.289183711785781,0.903221063376404
0.893734886022131,-0.407696029753359,0.187141392616272,0.319330035324098,0.871191409910896,0.372899256954711,-0.315065520244471,-0.273513207397401,0.908803743022808
0.892829735111245,-0.408693446872307,0.18927422060285,0.324523660943706,0.875154100266532,0.358872810720415,-0.312313076237415,-0.258988353541833,0.913994297105191
0.895277344740679,-0.401846640713277,0.192348000617459,0.321808601953902,0.881884854204401,0.344555260638052,-0.308087162508524,-0.246573277693136,0.918849236286949
0.900685615873821,-0.39045348971941,0.190555749648051,0.313789712381243,0.887952038181887,0.336269526261791,-0.300501976302473,-0.243078691486046,0.922285916613573
0.910082619301102,-0.372186106845099,0.182283098277196,0.298010761466964,0.893383337263999,0.336237711669765,-0.287991687546577,-0.251681772424085,0.923968112725512
0.91968554516358,-0.35237236785247,0.173240331306578,0.278265722822789,0.896176638511471,0.345594589205603,-0.277031921480322,-0.269631502166055,0.922253851995532
0.933171694570653,-0.321226574316143,0.161257794866637,0.245341881376831,0.897138875139639,0.367354324808707,-0.262674608012673,-0.30324136701034,0.915994936470223
0.943461281615992,-0.295473993384016,0.150252884582001,0.218519908316348,0.895226782178712,0.388353007120278,-0.249258620233933,-0.333562779253997,0.909178757195428
0.954605498799967,-0.265195869870289,0.135644728112105,0.188367041088357,0.890208515554504,0.414785072858056,-0.230751380261274,-0.370405115296734,0.899752105343205
