1,0,0,0,1,0,0,0,1
0.981340334212582,0.183502298792571,-0.0574286930495572,-0.168520448459747,0.964641482218604,0.202651595685848,0.0925851332475379,-0.189192275531894,0.977565484241644
0.940602296036003,0.33749285369344,0.0369580085726731,-0.307683748460689,0.801345308755774,0.513007219314009,0.143520143620954,-0.493907146983085,0.857588303636454
0.921576956894084,0.380563971546793,-0.0765961884323921,-0.330599569729922,0.872834120155606,0.358977051058393,0.203469498982598,-0.305502311370505,0.930198097574409
0.917985800529904,0.362778947628938,-0.16029193736028,-0.340534815360723,0.928132210390008,0.150355045022763,0.203317755133953,-0.0834388110761357,0.975551052100038
0.945981901158529,0.285784136979296,-0.153119788830491,-0.266301374331856,0.954270553557566,0.135835520545625,0.184937342658155,-0.0877219337676458,0.978827380913818
0.973151457489183,0.208645154675874,-0.0971773647356192,-0.186968404217791,0.962833510403363,0.194921643407269,0.13423507965853,-0.171519184567262,0.975992885585981
0.991415513773731,0.118994137524811,-0.0541818630493135,-0.105500427639896,0.972829516488716,0.206088310236485,0.0772330163632577,-0.198602938253836,0.97703220729942
0.998783397076936,0.0373163081832991,-0.0322369177655692,-0.0313612590698684,0.985162307189814,0.168735591746361,0.0380551856257151,-0.167519317202557,0.985134042255663
0.999844424649807,-0.0155461440371966,0.00833330080290542,0.0147231864331986,0.995735271709595,0.0910741261537714,-0.00971361302246706,-0.0909372645233765,0.995809248622976
0.999370907804333,-0.0321518510194714,0.0149682033111924,0.0307358458808602,0.995753942087387,0.08677208419427,-0.0176945305767484,-0.0862574361632156,0.996115735391334
0.99911971048638,-0.0290770130225063,0.0302379138053804,0.0249234633150371,0.991244157216922,0.129668198721577,-0.0337435192888443,-0.128800419630541,0.991096275247264
0.998921221641005,-0.00955945207616593,0.0454423792427988,0.000788358294159997,0.981931793694054,0.189233535674776,-0.0464302858750932,-0.188993569755112,0.98088004319834
0.998767158068597,0.010471036379026,0.0485234104399905,-0.0228470164722097,0.964777848194795,0.262071970021482,-0.0440701463793488,-0.262857491865404,0.963827661549684
0.998506004995516,0.0363708938267663,0.0407788679359396,-0.0474241183495543,0.947537554706675,0.316106841778634,-0.0271424204274814,-0.317568481595288,0.947846795906702
0.99715341009387,0.0670979437408997,0.0343939338242864,-0.074519021384491,0.946510437694448,0.313950484610809,-0.0114887854042149,-0.31561979862044,0.948816183740944
0.99356656314803,0.10798932061939,0.034114384449591,-0.113247997848744,0.949032596219186,0.29412926120453,-0.000612843750854292,-0.296100384913012,0.955156629290141
0.989815283316534,0.137753905220311,0.0359105347991891,-0.14196908079711,0.936565132415216,0.320453636025077,0.0105111850251987,-0.322288092148348,0.946583277186294
0.986234955220725,0.160948404972771,0.037897546589408,-0.164162563322398,0.925669679337969,0.340861111829673,0.0197804424671182,-0.342390501753571,0.939349497474046
0.987877995978405,0.148856714895956,0.0440311650092814,-0.154573135986997,0.917170429711972,0.367294906707269,0.0142902306781793,-0.369648591627698,0.929061735308706
0.988954387924699,0.140176527163579,0.0481638851925596,-0.147866645368605,0.910625010619985,0.385872446827689,0.010231021059444,-0.388732081600826,0.921294032837709
0.991642875113859,0.117573640064737,0.0531116503024169,-0.128783319316205,0.926669001889311,0.353128047035871,-0.00769837007547557,-0.3570168064663,0.934066236944032
0.993080214639141,0.102791478579551,0.0567943590835184,-0.115872700912596,0.936336860219601,0.331431442952113,-0.0191103237936443,-0.335718924288651,0.941768336375232
0.995369595972829,0.0712824437299464,0.0644839563672566,-0.0884100016625932,0.942211722750998,0.323141982906302,-0.0377231894052912,-0.327346731656944,0.944150982764202
0.996579371794812,0.0397789781499033,0.0724374807016824,-0.0607045492140531,0.947134271746944,0.315042265398004,-0.0560759611400079,-0.318361907551355,0.946309242479691
0.996748535233593,0.00196621327683687,0.0805511732691507,-0.0269952819196633,0.95007503109365,0.310851556287691,-0.07591845799122,-0.312015335036199,0.947038974086328
0.995405105826375,-0.0357910366619259,0.0888125947681324,0.00683481719846973,0.951707748551569,0.306929383768919,-0.0955089554368978,-0.304912057881563,0.947579377355683
0.993216084219692,-0.0631401705896335,0.0976479846449136,0.0342081767711657,0.961235193742405,0.273599530249952,-0.111137800451934,-0.268403094559123,0.95687416525988
0.988787269393402,-0.0895363078345401,0.119511444911761,0.059849033066363,0.970832555608019,0.232168564221398,-0.136813117523723,-0.22241267623713,0.965305533146101
0.985035193939775,-0.103879005498273,0.137531156167319,0.0716226521633644,0.972510878626764,0.221568920766625,-0.156766904661397,-0.208402838678582,0.965397531814534
0.9820352886392,-0.113409390378727,0.150814462307992,0.0748575275104741,0.9678009429881,0.240328286571439,-0.173213863308749,-0.22472126051015,0.95890422495283
0.982353967186751,-0.113340013107655,0.14877743303743,0.0708335297301858,0.961669153872375,0.264905737114837,-0.173099087861298,-0.249692771059054,0.952727781615734
0.986026540353993,-0.0962808031426122,0.135947301053565,0.0516620455309936,0.952564054562225,0.299921248009423,-0.158375170936257,-0.288706994896539,0.944227502421276
0.990002078555907,-0.0689080704067332,0.123075433323645,0.0273444436145967,0.949754756639849,0.311798306030342,-0.138376897849282,-0.30531554181339,0.942143436037638
0.994221608386459,-0.0259435823479341,0.104164888289663,-0.00847932159868414,0.948344291810844,0.317129634841993,-0.107011656013109,-0.316180383206716,0.942644403130145
0.99633265982993,0.0205937861124479,0.0830489429780535,-0.0469670875454111,0.942938044735882,0.329639100346388,-0.0715214907822743,-0.332330768607466,0.940447200321768
0.995668040002573,0.0691251336162909,0.0621841621312394,-0.0867894268832676,0.930888544907852,0.354843785827818,-0.033357900094405,-0.358703544534863,0.932855303699034
0.992263764775764,0.116799237422466,0.0420780138618595,-0.124008751653929,0.916463166821901,0.380416999320493,0.00586946558576062,-0.382692045901538,0.923857319815908
0.990742861542783,0.132866873866875,0.0278383931084554,-0.133576227133036,0.917579007516498,0.374441125559072,0.024206896680917,-0.374693419736569,0.92683270732058
0.991969369465028,0.124691796362876,0.0211831528095856,-0.123753273092784,0.922307309353902,0.366107026033632,0.0261131660657621,-0.36578844026591,0.9303316180405
0.99428078585756,0.103459001426746,0.0264944125855612,-0.105982886326175,0.925267807026151,0.364207513770641,0.0131661186553401,-0.364932487324435,0.930940885886292
0.996693710767727,0.0684171940455885,0.0438261848098394,-0.0797774972255745,0.926296643901757,0.368252737169416,-0.0154012289276335,-0.370531530446833,0.928692191790287
0.997865147259067,0.0262908390111819,0.0597824361307525,-0.0465471532019735,0.928397994883719,0.368660447600069,-0.0458095013554111,-0.370656114046402,0.927639765590927
0.997349832733519,-0.0140141393589284,0.0713926820090843,-0.0128923680216934,0.931701818415663,0.362995190612413,-0.0716037568372982,-0.362953613370879,0.929051977312254
0.994739670518161,-0.0576229081665948,0.0846911350251284,0.0240980113018364,0.935212791657209,0.353265226383842,-0.0995604025138356,-0.349366046969586,0.931681861729705
0.990313003195753,-0.0979200160630745,0.0984470728646372,0.0593901907359402,0.939583942053054,0.337127306933736,-0.125510800115993,-0.328014765354018,0.936297683839916
0.984527522420491,-0.133332147665286,0.113701785366511,0.092677339743016,0.946895671956749,0.307895269739137,-0.148716066027606,-0.292593788089462,0.944601718650105
0.978789086652329,-0.158650673709309,0.12962209526883,0.117052712768229,0.952328786392733,0.281724235807542,-0.168138592488155,-0.260575989567971,0.950699514766246
0.974662468072022,-0.174123834293404,0.140406423153352,0.13061259501097,0.952616694440957,0.274703082430622,-0.181585856707662,-0.249403937024555,0.951222504380756
0.972699104182479,-0.183161045404121,0.142507838974114,0.136614496736423,0.948326006420895,0.286381327651179,-0.187597793174803,-0.259094224158447,0.947458310958153
0.973681565060923,-0.181675214781211,0.137616591277041,0.133859649773041,0.944548318552031,0.299850076009946,-0.184460846856861,-0.273537182581696,0.94400826570646
0.977614494377467,-0.166979064209021,0.128015204171102,0.120815001527896,0.943619175595418,0.308198940385006,-0.172260372079315,-0.285833594184633,0.942669359132135
0.982395428920458,-0.145074863503467,0.117696666119473,0.102245782311622,0.944832530362207,0.311186904558716,-0.15634903656778,-0.293674604875534,0.943032451835845
0.989473377947041,-0.105235373922366,0.0993375578997776,0.068161436694997,0.944430667424117,0.321566063160452,-0.127657561005002,-0.311410068084283,0.941661997010603
0.995203603099172,-0.0608370301336481,0.0766070763242031,0.0298730727908981,0.934692836219026,0.354198957427691,-0.0931524980902521,-0.350211589878678,0.932027067425724
0.99826872745206,-0.0186994148758462,0.0557662951481071,-0.00317535669259151,0.929601160101014,0.368553388600248,-0.058732145381551,-0.368092400114634,0.927932389819823
0.99897768231985,0.00566050362095428,0.044850294598993,-0.0213446245019891,0.933635227699399,0.357588686347264,-0.0398496829564351,-0.358180429808008,0.932801577223593
0.999114865188145,0.017229302405282,0.0383749566605755,-0.0291451566978537,0.941349783126436,0.336171304023515,-0.03033226007292,-0.336992191224723,0.941018712381655
0.999378577977809,0.00590832003276392,0.0347498148691659,-0.0169700063861529,0.944727243781288,0.327417858005127,-0.0308946073337209,-0.327804097917951,0.944240433695726
0.999148111701007,-0.0166644166128318,0.0377537826351696,0.00286976806298765,0.940685386943417,0.339267987323265,-0.0411681347108941,-0.338870624294978,0.939931851079831
0.997656848326364,-0.0500018346009381,0.0466972110949284,0.0298966759198962,0.932544802749752,0.359814368297554,-0.0615386200401389,-0.357575177271811,0.931854597478914
0.995558008295853,-0.0766967191648525,0.0546064592089604,0.0511379743911235,0.92748064714504,0.370357336563748,-0.0790516267584984,-0.365919748634544,0.9272829006652
0.991092468721294,-0.114752609318368,0.0675837043861563,0.081331695247304,0.923388982459168,0.375150559670678,-0.105455553633411,-0.366312197077369,0.924496890465415
0.985044645529722,-0.151743088640779,0.0816154480657843,0.111967229838551,0.923785899121923,0.366173390657737,-0.130959481350161,-0.35155888217091,0.926960606828164
0.978446314439339,-0.182498240008343,0.0966291992822559,0.139227940583655,0.928593374880935,0.343991169491415,-0.152507017284147,-0.323123407572237,0.933987619381541
0.973202076638959,-0.201678643431715,0.110469193937314,0.156713846542524,0.933261330058042,0.32320900377332,-0.168280980290297,-0.297235621354236,0.939857700436985
0.968986821980245,-0.214944148900152,0.121916166615478,0.168305611199909,0.935295068616288,0.311281794939378,-0.180935789901415,-0.281108782281246,0.942464902506776
0.966198736478874,-0.223443631082158,0.128580501458997,0.174957315205858,0.934655966030387,0.309528937289819,-0.18934080247687,-0.276570368789983,0.942156511214983
0.96884382190642,-0.215244420013734,0.122521379386254,0.168995927298325,0.936159963484957,0.308293527866586,-0.181058071651993,-0.277982665684027,0.943368227294551
0.974063202809456,-0.195063675727873,0.114677981077951,0.15305392221503,0.941254984021416,0.301020849692246,-0.166659454658832,-0.275661418167972,0.946697105048095
0.979513188372571,-0.171428234175918,0.10567059350418,0.13311523052406,0.944917311398762,0.299017741984423,-0.151110056603541,-0.278825456417206,0.948378677347299
0.986425202959816,-0.137039766891701,0.0904733179227633,0.103170759063295,0.945841140616466,0.307799173474601,-0.12775411320184,-0.294286661280481,0.947140035872415
0.992326579301233,-0.0994443885733982,0.0734763471708814,0.0702999563596556,0.94263164728732,0.326348730146488,-0.101714680101465,-0.318679135045986,0.942389374270635
0.996528455385933,-0.0606296055346182,0.0570533832374708,0.037010471662781,0.936487801784278,0.348741769933789,-0.0745738733969453,-0.345419524697099,0.935480672897418
0.998290048699207,-0.0329657421981471,0.0482725440541322,0.0135452432182203,0.933787331001926,0.357572016307849,-0.0568639169798573,-0.356306722223461,0.932637129136558
0.998902620106511,-0.0153985356254849,0.0442316701576752,-0.00118118326738021,0.935823539466905,0.352466888921109,-0.0468205120693439,-0.352132344552765,0.934778397038216
0.99899439935532,-0.0105321112900635,0.0435805540175436,-0.00515140264509502,0.93861759088883,0.344920978087503,-0.0445382207490425,-0.344798626310816,0.937619461288365
0.998542772617123,-0.0232859411924051,0.0486836337683443,0.00467664525301773,0.936060973911606,0.351806739714911,-0.0537630006908456,-0.351066401215556,0.934805820314719
0.997356555339125,-0.0447368882068465,0.0572582950815184,0.0206958085762234,0.930253896926859,0.366332322843304,-0.0696533203045659,-0.36417893690597,0.928720688304394
0.99468107655217,-0.0753710200206536,0.0702051656935663,0.0436371414106338,0.925750268550234,0.375609158792327,-0.0933024964217102,-0.37054776968728,0.924115249598912
0.991884915851474,-0.0985929907938449,0.0802728837942095,0.0616032291722364,0.925007809127982,0.374920785243769,-0.111217605898827,-0.366933202665794,0.923574939525514
0.987181505746804,-0.12832705007533,0.0948938508568126,0.0852676448645521,0.926659799869938,0.366102504831994,-0.134915171314141,-0.353318246803037,0.925723561882977
0.981361774603942,-0.157741800658776,0.109756966389963,0.109087912797047,0.927484252209557,0.35759304968758,-0.158205229457767,-0.338954991449023,0.927405315460295
0.976102620077352,-0.178969001054838,0.12326301853987,0.12806489890497,0.932002748857242,0.339072643825784,-0.175564964462124,-0.315184030026873,0.932649972106059
0.97119146080216,-0.195493508932255,0.136269712079828,0.14271352028953,0.935098329295437,0.324382437372084,-0.190840241017284,-0.295589922890207,0.93605907927557
0.965833207209703,-0.211693497263765,0.149506117156636,0.157563782788746,0.937658064121192,0.309791880367773,-0.20576654296634,-0.275650536013874,0.93897652355687
0.965777689946043,-0.213860032482114,0.146756056465251,0.158695733977256,0.934769136929427,0.317840092910944,-0.205156324835242,-0.283673310607406,0.936717852519707
0.968692662130646,-0.206457253517935,0.137876498374715,0.152105129212272,0.932478514773797,0.327639816189324,-0.196210489020235,-0.29641056316381,0.934688302079016
0.974021869416281,-0.187250498073907,0.127352459221981,0.136704588132841,0.934543941785338,0.328541437958373,-0.18053601713299,-0.302596880095283,0.935864239446277
0.979037458772075,-0.166037144976222,0.117971694949519,0.119034755144581,0.936416554048069,0.330082965892534,-0.165276681321919,-0.309120856289069,0.936551074324474
0.987313788580248,-0.12451538593243,0.098526146506472,0.0838672424334371,0.935846033581506,0.342284219730294,-0.134824955130451,-0.32967881353806,0.934416455001842
0.992284527517253,-0.092496842737216,0.0825575589119915,0.0573745201039448,0.932879674970315,0.355589196222445,-0.109907146686202,-0.3481089572403,0.930989029471545
0.997196745426939,-0.0455036224025377,0.0593975694634633,0.0201984116045336,0.92806320262772,0.371874597273107,-0.0720463397999757,-0.369632401551364,0.926380706105648
0.998798724888271,-0.0175371599521886,0.0457553841900012,-0.000751511478056115,0.928170409271532,0.372154707861147,-0.0489953303087308,-0.371742033369283,0.927042241882435
0.999271304739726,0.00477321034351446,0.0378691957503787,-0.0180295171607118,0.93351356780221,0.358088474039784,-0.0336421764265566,-0.358510299980637,0.932919379567752
0.999287292950765,0.0118041380572789,0.0358548249452528,-0.023479768090914,0.938108187128724,0.345545553773242,-0.029556837407391,-0.346141143995891,0.937716749234912
0.999283081714205,0.00455730846732734,0.0375839532153469,-0.0173912589423498,0.937044657308098,0.348776223849549,-0.0336283617228067,-0.349179812059466,0.936452130190304
0.998830161745604,-0.0153069293544739,0.0458694440884801,-0.00257306729321125,0.930409219081987,0.36651338907597,-0.0482875482081426,-0.366202652859023,0.929281405025981
0.997388599826311,-0.0414709421814618,0.0591281818686538,0.015719350034377,0.923729874283368,0.382721859045092,-0.0704903040921766,-0.380792962528217,0.921969542185628
0.995837543026586,-0.0603220253121559,0.0683289189217162,0.0285745528718999,0.918490347124849,0.394409656533212,-0.0865510417438282,-0.390815475001586,0.916390845476069
0.992684118933951,-0.0874292165465354,0.0832728773994496,0.0467422332549523,0.914180854943633,0.402602195827182,-0.111325664815731,-0.395764445786364,0.911579453369123
0.988405800528681,-0.117903154908768,0.0956703692049718,0.0714038280750108,0.917011865456848,0.392416528637093,-0.133998010498257,-0.381035542533647,0.914798583573783
0.983634558523316,-0.144938471393671,0.107032213789617,0.0936511224977455,0.918777108769464,0.383507616164449,-0.153923755585526,-0.367207657751431,0.917314566304905
0.980984147663646,-0.156128268692231,0.115299894829944,0.107557213764926,0.931805653690604,0.346654971863024,-0.161559734463002,-0.327661696671116,0.930879296544322
0.978389015417276,-0.166029384764461,0.123244382855963,0.120523299132584,0.942227616882102,0.312540001201244,-0.168015085266206,-0.290931884432439,0.941875559585013
0.97699926334015,-0.169944824240518,0.128806817159122,0.126211870859714,0.947719698137752,0.293083499050662,-0.171880781610088,-0.270085413296512,0.947370501143855
0.977166050865444,-0.16945440474664,0.128186246329292,0.126052123836274,0.947987712683766,0.292284379803244,-0.171047862051523,-0.269452224545585,0.947701497083887
0.979252171025638,-0.161817062116412,0.121985343175263,0.118644553842037,0.945823251673657,0.302228136408731,-0.164282243061134,-0.281484662106985,0.945398185746789
0.982462909749485,-0.146765984083725,0.115005986289892,0.105089907545921,0.945348357351926,0.308662590191952,-0.154021889024141,-0.291163578024366,0.944193321589115
0.987480847115042,-0.118069095743164,0.104600502921115,0.0799862280926324,0.946348401497821,0.313092488408831,-0.135955065725674,-0.300806235994057,0.943944822799837
0.991631751264157,-0.0892009953484959,0.0933255180195534,0.054502378515555,0.944581799656154,0.323720117531316,-0.117029742462878,-0.315924684358755,0.94153897061773
0.996112923477008,-0.0456635473403261,0.0753251891891756,0.0164021209603773,0.936336552816455,0.350720444639033,-0.0865448676126348,-0.348121674568099,0.933445920011339
0.997638463310177,-0.0195871264050797,0.0658319147776987,-0.00600500821136554,0.929930493773046,0.367686301930601,-0.0684210230885815,-0.367213318427057,0.927616807938117
0.998246560211623,0.0165751327492508,0.0568249065111855,-0.037197888358525,0.922417016755012,0.384399745450556,-0.0460447839318091,-0.385839490170628,0.921416173993893
0.997858238791815,0.0377408519462816,0.0534281140380611,-0.0553804690985404,0.922102722635226,0.382961581038008,-0.0348129130886921,-0.385100242797994,0.922217904878888
0.998101377289102,0.0326555428630588,0.0522231383001392,-0.0499323935197732,0.925415246947429,0.375650604677561,-0.0360610140038111,-0.377545012200597,0.925288801959404
0.998132555079567,0.0152474162269136,0.0591516592221762,-0.0365745268109702,0.92475987224891,0.378789496510575,-0.048925519709931,-0.380245571935538,0.923590601156448
0.997469098470233,-0.0101753755326544,0.0703694488378979,-0.0176223850632728,0.923446400050761,0.383322576660927,-0.0688828653705828,-0.383592502489373,0.920929933758415
0.995473856912718,-0.0455365350173101,0.0834159707845814,0.00954492406669827,0.921199871594669,0.388972609573639,-0.0945552464323257,-0.386415864778586,0.917465031932847
0.992236161389832,-0.0783641315710105,0.0965736139610201,0.0344738165191938,0.919389203075773,0.391835487471844,-0.119494585672204,-0.385464078937088,0.914952724376627
0.98680610739501,-0.116945872012083,0.111970395316087,0.0640387825985777,0.91710246059847,0.393474409698427,-0.148703533015189,-0.38111250279093,0.912491380499145
0.982206854273317,-0.142510663014689,0.122312739915465,0.084813140854768,0.917684831022221,0.388151107237976,-0.167560217703558,-0.370870950384134,0.913443108028248
0.97499326673138,-0.174653042091539,0.137420685184731,0.113443046485257,0.922866646823924,0.368032372739289,-0.191098940427763,-0.343239664182533,0.919601939917076
0.970560329860838,-0.191063651873703,0.146653765833353,0.129176750931539,0.926820908124,0.352585268102592,-0.203288005350023,-0.323261017131497,0.924216588080911
0.967475209515396,-0.202326501509075,0.151841054264771,0.140113976303103,0.928356654783461,0.344270235663492,-0.210617645551536,-0.311797864499359,0.926510819729574
0.967047770604354,-0.205936507754713,0.149695571554206,0.142754332745053,0.925452440764986,0.350940137864916,-0.210807518489408,-0.318006186505741,0.924355048394509
0.968703070968111,-0.202888988071058,0.143004960810635,0.138400120234693,0.919725806833275,0.367355205440056,-0.206057678857091,-0.336066211875554,0.919021073871347
0.972729390269869,-0.189218125632429,0.13414184372282,0.125362870545332,0.915491643013398,0.382307732411032,-0.195145289448251,-0.355065560854303,0.914246555094073
0.978885375955384,-0.163256469015102,0.123007097622071,0.10328684824334,0.914335410663114,0.391564277976775,-0.17639514653369,-0.370591530033049,0.91189180835619
0.983729187288506,-0.139447921335951,0.113274724946812,0.0844108970911975,0.915328729302634,0.393761498581928,-0.15859283252705,-0.377793057834985,0.912206511116173
0.988901165992785,-0.10888564491777,0.10108610304562,0.0616052376259316,0.919632200375333,0.387919335339032,-0.135200882375674,-0.37738644962911,0.916133281264891
0.992982435878809,-0.0782482578160212,0.0886740784273679,0.0386054628990875,0.923208863538309,0.382354563878414,-0.111783273661728,-0.376248062364528,0.919750996355213
0.994080947124587,-0.0659235063859936,0.086354860139184,0.0286293612849615,0.925719000690065,0.377126890361591,-0.104801861797858,-0.372422371867163,0.922126968858703
0.994088192064823,-0.0633568231981523,0.0881735751318319,0.0256467686390623,0.92613355630992,0.376322838976212,-0.105503126283846,-0.371836723349079,0.922283330388963
0.993322733923361,-0.0703926991570247,0.0914046726180107,0.0306488046791665,0.924824551033142,0.379157224087958,-0.111223185724719,-0.37382404646001,0.92080670351899
0.991016042870242,-0.0884508454250973,0.100317748765557,0.0438470756490261,0.923494905318724,0.381096567561806,-0.12635124348748,-0.373274172417469,0.919076577590367
0.987492822083413,-0.10997045831401,0.112979753194721,0.059378615023378,0.923226551311195,0.379640507627868,-0.146055148528353,-0.368183694984237,0.918209486084802
0.982652167321412,-0.134851619968828,0.127317550441063,0.0772929123523904,0.921825931724307,0.379819374572572,-0.168583877516848,-0.363389587347238,0.9162573241448
0.977182150214155,-0.159270792222202,0.140527079410876,0.0943862289276323,0.918304978474375,0.384457027895187,-0.19027949204173,-0.362420724095755,0.912384202874124
0.969931967602839,-0.187649514423498,0.154982702127393,0.11458714757138,0.91390712638749,0.389414367929094,-0.214713212992442,-0.359946418338599,0.90792995990422
0.964604051953731,-0.205761143899635,0.164928392387595,0.1299489894696,0.915121132668429,0.381662904510619,-0.229460853067081,-0.346721306245759,0.909468005322322
0.960111744899893,-0.218165963524216,0.174897254594895,0.143620625848063,0.921444544575484,0.360989012440949,-0.23991363682853,-0.321470937460341,0.91602286174095
0.95704535079893,-0.224104537625698,0.18396019332922,0.15154745605898,0.927562103289985,0.341558066955404,-0.247179216513451,-0.299007860692377,0.921681471099407
0.955393782898471,-0.225820745861436,0.190335783124279,0.154641045189763,0.931572924694975,0.329025885179067,-0.251612532958049,-0.284915560673396,0.92494013673567
0.956578217775715,-0.223010652251856,0.187681544801927,0.152187795421195,0.931300592415296,0.330935162066161,-0.248590000204901,-0.288002526983916,0.924801360427745
0.960492767365568,-0.213185784946123,0.17890071250651,0.143095689327792,0.929642541197119,0.339541410276226,-0.238699115067978,-0.300527148014067,0.923420903906933
0.967767358534102,-0.187653688058538,0.167965571216108,0.119083685214333,0.928635704428791,0.351361358683362,-0.221913081344247,-0.320034094774406,0.921049815433579
0.976443448429293,-0.153597107469376,0.151545770632337,0.0870979393708967,0.923146945908958,0.374451151976207,-0.197413629156783,-0.352431049761517,0.914778778824227
0.985103017438722,-0.111506572436186,0.130913442154184,0.050226310404003,0.914649657047812,0.401115098949819,-0.164466904805569,-0.388564395134005,0.906624700776359
0.989927394471245,-0.0794074997257495,0.117210079185519,0.0243160789275839,0.910955735081917,0.411786810166321,-0.139472154858804,-0.404788954528987,0.903710916339054
0.993187574077172,-0.0485437516288896,0.105933690941518,0.00113586082771813,0.913084609167131,0.407768569561569,-0.116521038953832,-0.404870350457897,0.906919426851813
0.994186068923583,-0.0354091255441144,0.101687040405704,-0.00829233563249102,0.916399439411409,0.40017909067843,-0.107355938485155,-0.398695700095521,0.910777931878741
0.994448045215547,-0.034128295610268,0.0995406691042096,-0.00849305470914024,0.916828625343639,0.399190605816572,-0.104885429820749,-0.397819721971186,0.911448580788893
0.993687152916411,-0.0468345819943186,0.101942945112902,0.00105530240494249,0.912552610660361,0.408957967416939,-0.112181676158403,-0.406268697669876,0.906841230220548
0.991146499279312,-0.0724473208675808,0.111265460343593,0.0185762788938556,0.905437381307477,0.424073189901835,-0.13146687350363,-0.418251759386818,0.898766892437084
0.987762599068153,-0.0973148032144346,0.121880584825724,0.0358325100980234,0.90215512862829,0.429921103354732,-0.151792882251441,-0.420292699157397,0.894602128285414
0.983284912677634,-0.125026881857143,0.132359583384108,0.0565130215369449,0.900626852027456,0.43090318147338,-0.173081076080834,-0.41622055718116,0.892638442418042
0.977125990901451,-0.156996620911546,0.143446362544374,0.0805417621277945,0.897484496982981,0.433629567982347,-0.196819263432737,-0.412157298488772,0.889600212929512
0.969611898704227,-0.189728847663538,0.154453003387591,0.105155925428246,0.893239769846501,0.43710976300227,-0.220895896834935,-0.407585178740392,0.886047021795488
0.964432124051147,-0.209777377612923,0.160823287928197,0.121414823174985,0.892002456515129,0.435419405038825,-0.234795908847616,-0.400406130588458,0.885745907004713
0.960975503056554,-0.219986196464294,0.167726431698683,0.131435875494408,0.896593551207902,0.422900241860209,-0.243414652718809,-0.384351502270483,0.890518517238247
0.959475535859652,-0.222201778410993,0.173300507090496,0.133617665649473,0.900208168036988,0.414453343123055,-0.248098801918141,-0.374501834268515,0.893417797346965
0.960325243843544,-0.218897925863019,0.172797928487883,0.130073985496107,0.899652676062179,0.416780302739129,-0.246690462592282,-0.377768130613249,0.892432101147745
0.964618231952434,-0.204784592739416,0.166057029846705,0.116102158386903,0.895420545467653,0.429816630171886,-0.236710699806452,-0.395329378279637,0.887514916644322
0.969163300450634,-0.186580980670752,0.160965942707059,0.0995294453816634,0.893958405001887,0.436957960939612,-0.225424902266033,-0.407462768579443,0.884961979782141
0.974969813501708,-0.159467138705802,0.154932548011795,0.0760578375398928,0.894006734338428,0.44155086264925,-0.208923593950511,-0.418714927642334,0.883758304775847
0.981505635001947,-0.12500504446721,0.144984231270761,0.0475217574104547,0.892757821818216,0.448023608925934,-0.185441017663419,-0.432847791307923,0.882187292204898
0.986382172865626,-0.0942560645802948,0.134781316742043,0.0229710532161576,0.890411381377349,0.454576619094981,-0.162857421590249,-0.445290204477391,0.880451074182695
0.989451202732536,-0.0708394098412282,0.126364929567034,0.00503755755242446,0.888582447370487,0.458689281800855,-0.144778936399744,-0.453214090953077,0.879565828881805
0.991663117462253,-0.0493162466481693,0.119046920504393,-0.0111472617416399,0.887568849382014,0.460540200375987,-0.128374452367695,-0.458027778003941,0.879619551031052
0.991931012630639,-0.0466858239129647,0.117869843586555,-0.0129051724444029,0.887716558786237,0.460209482497812,-0.126120270796298,-0.458017188653756,0.879951096477514
0.991021306120586,-0.0569231713170678,0.120981500165328,-0.00492518283196632,0.888689439844393,0.458483175354487,-0.133613297950157,-0.454962451281717,0.880429812384051
0.989382876822179,-0.0707833188427682,0.126930078486812,0.00495452841586714,0.889297235780852,0.457302830825171,-0.145247980017767,-0.451818711660042,0.880206155451449
0.985002733532131,-0.100248673409082,0.140427270905431,0.0251350193200312,0.888578274974963,0.458035893840541,-0.170698112871846,-0.447636965321498,0.87777178215055
0.979972759988866,-0.128917941684852,0.151768092798003,0.0448711823763361,0.885508419752105,0.462451527773757,-0.194010223111958,-0.446379886262668,0.873558830570774
0.97451122701004,-0.157091186901534,0.160156883802265,0.0653616333753166,0.881751014783216,0.467164858279476,-0.214605976882974,-0.444789283736286,0.869543999898492
0.969643544465801,-0.179231247513296,0.166335674437637,0.0823161548495969,0.879803621658219,0.468155570262559,-0.230250835669652,-0.440251913376775,0.867849529262716
0.96316168334415,-0.205373497971524,0.173612493987623,0.10237602321742,0.876991988932532,0.469472258198874,-0.248673926272636,-0.434403933774895,0.865710402336168
0.960667100635254,-0.216231116197933,0.174249321791648,0.113937088250602,0.879123307002048,0.462774838346641,-0.25325295986035,-0.424719101846833,0.869181582207304
0.958275015997768,-0.226092979384328,0.174902711207097,0.124489302049437,0.880894286241295,0.456648300273511,-0.25731577369007,-0.415821140805226,0.872285143442053
0.960643065453576,-0.220276406780595,0.169243036523766,0.12169471668621,0.881400795447204,0.456424181782365,-0.24971042574674,-0.417864741753677,0.873518036947444
0.962285318985008,-0.21612944870696,0.165212064533873,0.119704793519065,0.881750575260546,0.456274791585353,-0.24429025210695,-0.419289857293643,0.874367364610666
0.969919144481779,-0.188658772397429,0.153833418882983,0.098772167264604,0.882594833557404,0.459641619907982,-0.222488004489198,-0.430620746568572,0.87467986171121
0.975047444788303,-0.167823561403456,0.145319415941778,0.0830447469538491,0.882814356245964,0.462322811906787,-0.205878727446937,-0.43871866229269,0.874722747469702
0.981533490161187,-0.135469987355173,0.13505513769563,0.0579418931524249,0.88340403353564,0.465016183106434,-0.18230398983541,-0.448603606827845,0.874940031791402
0.986097946504184,-0.107812684648068,0.126440756598514,0.0366478443052718,0.883307169749702,0.467360010459336,-0.162073364276814,-0.456228965430462,0.874978488703721
0.990805158903422,-0.0725976962676178,0.114169661412295,0.0104363240574087,0.882343379588961,0.470490428846009,-0.134893366147235,-0.464972832531285,0.874988025505094
0.993592513352096,-0.0460168751382257,0.103229669248607,-0.00831825759689054,0.881110188277232,0.472837860904364,-0.112715234113298,-0.470666849604447,0.875081706289311
0.994071332064349,-0.0434333697750709,0.0996781277803281,-0.00902532643476734,0.880624928893332,0.473728063443958,-0.108354650341161,-0.471819114705623,0.875011995773686
0.994577361258975,-0.0405752391877684,0.0957576233831448,-0.00980087182828076,0.880085898716765,0.474713338543708,-0.103536541291171,-0.473077647796598,0.874915838108273
0.993339189409831,-0.0562710643771856,0.100552583738447,0.00249079369586257,0.882930135556149,0.4694977866546,-0.115200046568494,-0.466120095083511,0.877189264771268
0.99083296494645,-0.081660025152176,0.107618194872296,0.0210019198396546,0.880051157266923,0.474414249318252,-0.13345019647222,-0.467805088562852,0.873698714761691
0.988315952934677,-0.102706516207976,0.112618598389608,0.0362403312535994,0.876031311512357,0.480890610888352,-0.1480480177694,-0.471190527046504,0.869517838607232
0.982431894630358,-0.139967335716607,0.123437098740201,0.0630447731036631,0.871462202613601,0.486393858925215,-0.175650018495049,-0.470066776477819,0.864976471734604
0.976857618600516,-0.16715622786648,0.133446575331019,0.0825506492801268,0.870200976944025,0.485732076384808,-0.197318481865124,-0.463474977977361,0.863861309182979
0.970772259762384,-0.192693227977891,0.143075293350367,0.102139917562379,0.871162238159179,0.480253882905535,-0.21718346372637,-0.451603448499845,0.865381804977934
0.966949644402373,-0.207347024361613,0.148376536819365,0.115359028165108,0.874753982700012,0.470635489918973,-0.227377834915643,-0.4379642465303,0.86976240373462
0.963388610894454,-0.219660312767165,0.153726157155783,0.129498631250517,0.883291529739825,0.45058426292329,-0.234760492636848,-0.414180420209493,0.879398709694297
0.961776440818402,-0.223906117894864,0.157645577977745,0.136620892190574,0.891278017772334,0.432386663592754,-0.237320057525144,-0.394321626854364,0.887800453306481
0.964453198974647,-0.213174580993,0.156162175337139,0.128352144442545,0.894464684998305,0.428320737657992,-0.230988644752439,-0.393051555536096,0.890030741427559
0.969804977765658,-0.19311860403154,0.148941296750967,0.111981124574374,0.895137043360297,0.431497278488807,-0.216653024073076,-0.40178959466504,0.889733998888936
0.975068283423842,-0.172167349151273,0.140000880522605,0.0948173087678816,0.893661098326401,0.438610897374962,-0.200627816164403,-0.414401068078108,0.887705037812014
0.983232125511439,-0.133861774594209,0.123837040762226,0.0638263766633783,0.888748554220786,0.45392973135992,-0.17082383031732,-0.438414224989282,0.882390042057802
0.98838268677464,-0.102602228193083,0.112126924750292,0.039101860334321,0.884574663677394,0.464756612538674,-0.146869700764107,-0.454973018045951,0.878310220735033
0.992597674612023,-0.0691322010750303,0.0998528674066218,0.0140919615144683,0.882185827806965,0.47069053722931,-0.12062865735586,-0.465799209951093,0.876629809573838
0.994529156126658,-0.0510554752042704,0.0911322997935472,0.00246221372603044,0.883633856385062,0.468172132183916,-0.104430336193858,-0.465386448343451,0.878925343007419
0.995293662644378,-0.0450063129404973,0.0858193270507201,0.000272216197162628,0.88690024216243,0.461960914310471,-0.0969043394192355,-0.459763408991761,0.88273844186939
0.994948475897184,-0.0509141734084472,0.0865174968200263,0.00569790799502773,0.889092911631555,0.457691302441948,-0.100225067494858,-0.454886295059172,0.884891741634531
0.993372228808145,-0.0680965993439024,0.092598424341522,0.0181359807078086,0.88837878831393,0.458752890647723,-0.113501987808595,-0.454033018217476,0.883725815585258
0.990928661222577,-0.0884324143338596,0.101193361752214,0.0318682462176935,0.886137989477193,0.462324429906455,-0.130555747673698,-0.454905673409778,0.880917717524719
0.986515741293128,-0.117264028045981,0.114174602724506,0.050727700473393,0.882327562014872,0.467893977000747,-0.155606531307491,-0.455792958518804,0.876378563395482
0.982475476868017,-0.139937104647667,0.123124100385705,0.0660928294163711,0.879193379492676,0.471858812947251,-0.174280450001427,-0.455452092100889,0.87303477396277
0.97752619238303,-0.164800965066391,0.131465528251018,0.0839934170774159,0.876438010111664,0.474132386912313,-0.193358860910981,-0.45243458791818,0.870583307077799
0.971880520231468,-0.189546932934584,0.139714761602712,0.101798394455108,0.873229637153293,0.476557538691281,-0.212333090405081,-0.448934250210675,0.867970447484711
0.968318028093706,-0.20355697195323,0.144653916773615,0.112467096395683,0.872676043991572,0.475171205431839,-0.222960419574955,-0.443848038648875,0.867921407669213
0.966732098708761,-0.209762950143194,0.14638495166299,0.118072094737075,0.873608459720376,0.472088169253787,-0.22690973925892,-0.439098808757455,0.869312490636845
0.967302904656425,-0.208074060346093,0.145018192149576,0.117765160144342,0.874890373268205,0.46978527203266,-0.224625149303052,-0.437346567579663,0.870787874356821
0.970142644760829,-0.197733496447847,0.140444698009469,0.11027620475738,0.875374784561373,0.470699633756434,-0.216014831622206,-0.441158079305639,0.871043708192988
0.974544202387234,-0.180224870017872,0.133351392270453,0.0970099389707053,0.875217608471244,0.473902109683823,-0.202120432748219,-0.448902143065633,0.87042184980431
0.980489071410177,-0.152874287750886,0.123574402648228,0.0760650145109098,0.874730953427034,0.478601998203193,-0.181260294639124,-0.459864340062688,0.869292525175529
0.985313473372747,-0.126086358863404,0.115150290050435,0.0558668265741444,0.875283662521227,0.480372155533565,-0.161357543606318,-0.46688407579612,0.869472830449198
0.989924623427009,-0.0941439723263516,0.105764608482738,0.0324892201571331,0.87804183474647,0.477479828902368,-0.137817598682,-0.469232830170341,0.87225389685794
0.992839643904882,-0.0692342551642462,0.0973450533035783,0.0151598166063158,0.881350008135638,0.472220650882376,-0.118488908558089,-0.467363649710975,0.876088806844119
0.995122145620971,-0.044246527397367,0.0881711977234492,-0.00154325364338513,0.886682111462182,0.462376958315573,-0.0986383985215983,-0.460257621366818,0.882288721627368
0.995831245849416,-0.0343025935534276,0.0845190029845793,-0.00765864902495257,0.891877950506836,0.452211307349607,-0.090892655837045,-0.450973450964949,0.887897219074176
0.996037954730507,-0.033613927287101,0.0823316259319864,-0.00636677871920756,0.896481546699835,0.443035326532111,-0.0887009406094865,-0.441804187756307,0.892715633791626
0.995711555177926,-0.0429229985730618,0.0819519071080828,0.00233845726363859,0.897244755659698,0.441527326514222,-0.0924825956749754,-0.439442219904581,0.893497344630948
0.994362964969338,-0.0624799595725901,0.0856653287461979,0.0168776861257721,0.890906190247422,0.453873665120445,-0.104677779917356,-0.449869330840226,0.886938637990782
0.990875167610967,-0.0943786998617025,0.0962240262322801,0.0376917877163062,0.879466435552093,0.474466139862526,-0.1294052987736,-0.466509860292053,0.87499875365603
0.985950270043944,-0.127013672900269,0.108487749984301,0.0590967292655047,0.872706380857101,0.484655701917786,-0.156235852448765,-0.471435148994732,0.867951184515538
0.980813986152572,-0.15299711442212,0.120813109992278,0.0760734609627331,0.870975574280257,0.485401254164356,-0.179490259080133,-0.466897667573615,0.865904044862747
0.975057404826272,-0.176714358651688,0.134294797887994,0.0920160642020355,0.872457069530922,0.479949690857577,-0.20198044762358,-0.455621221270299,0.866956285810272
0.969641003188269,-0.195703812403509,0.146616311325782,0.106512632851165,0.877726236921895,0.467174177434973,-0.220116750791845,-0.437374748733466,0.87192427721172
0.966700675517861,-0.205004552588133,0.153176164501688,0.115507733793298,0.88365251561929,0.453669698209654,-0.228358856599094,-0.420869772088516,0.877907095058991
0.966226091066084,-0.205859954050132,0.155012322934763,0.118531210381624,0.889155362942041,0.441987661272208,-0.22881759789977,-0.40868621198896,0.883525940208603
0.968080484742085,-0.199016820284145,0.15235642521901,0.11470907282899,0.8922759589387,0.436675442074246,-0.222849733390554,-0.405260309361788,0.886623977785256
0.972014111258579,-0.184472976922233,0.145458888692451,0.104507061835131,0.894085371154149,0.43553372213267,-0.210396866756094,-0.408143442766876,0.888342326237821
0.978198104055581,-0.158111507207702,0.134644793848752,0.0849935176281257,0.896360130418522,0.43510299764227,-0.189485015722251,-0.414172992703048,0.890256233301481
0.984863873606809,-0.123411494639544,0.121707655696031,0.0584553068368736,0.89752664813377,0.437068522079055,-0.16317514383875,-0.423338539328272,0.891155628132713
0.990016773648526,-0.0890035202955883,0.109293921466635,0.0315307484006166,0.895608583564737,0.443724100033415,-0.137377581139934,-0.435848182765695,0.889473867957898
0.994223555509073,-0.0494781329723816,0.0952440865800189,0.000889652922532037,0.891171445012765,0.453665806636933,-0.107325347372241,-0.450960497107483,0.886067660994352
