1,0,0,0,1,0,0,0,1
0.966435892488391,0.241828721026769,-0.0867210205009357,-0.253428961635684,0.952755338879215,-0.167424686475477,0.0421358174766481,0.183782844476055,0.982063357916313
0.927823012839655,0.366956063375407,-0.0669903306244257,-0.353508498739591,0.922316753529041,0.156088268228368,0.119063840707524,-0.121140636087459,0.985468796119035
0.955029938559894,0.28219479647053,0.0910160057310901,-0.287212484016328,0.804162237972888,0.520415299586404,0.0736668546868689,-0.523153124680903,0.849048881194217
0.959643913141696,0.267730590576176,0.0860458647456457,-0.276917761574425,0.846344206456422,0.45499234886123,0.0489909511512484,-0.460458266368822,0.886328421995998
0.974404543826966,0.207538522087677,0.0863918214822734,-0.224675207192871,0.886183320165034,0.405216206899622,0.00753898150965611,-0.414254613626619,0.910129814283027
0.991959880989203,0.103546849726933,0.0727574354929791,-0.123110467989245,0.922734364184288,0.365246636979572,-0.029315647346702,-0.371267212483201,0.928063171209588
0.999855893102275,0.0131856660083172,0.010692578761462,-0.0160149778070805,0.941565840713887,0.336448046638094,-0.00563147533881471,-0.336570803565412,0.941641322730073
0.999090603203094,-0.0417139770307902,-0.0088267044559342,0.0422807330065152,0.942537490304799,0.331414270945537,-0.00550510742033971,-0.331486083403519,0.943444047255631
0.996434873213664,-0.053246756433298,0.0654394863442812,0.0274225529677279,0.937964780668377,0.345644432639173,-0.0797843783732284,-0.342617648633366,0.936080979302828
0.985410985273282,-0.0884329633388382,0.145412520430162,0.0387464021630452,0.948537848817098,0.314284370723159,-0.165722377554029,-0.304065059414172,0.938126075333852
0.980154977906183,-0.153540251989976,0.125385845710693,0.106864400250986,0.941999216594664,0.318146940727137,-0.166961729880617,-0.29843402445749,0.939713208272278
0.981438527556034,-0.173165759610516,0.0824138115072752,0.14019750639977,0.941069786126553,0.307786154397838,-0.130855171192927,-0.290518979308128,0.947879552914733
0.984423437146368,-0.163972202110034,0.0634319582869476,0.143961977846401,0.958891340861074,0.244545180603104,-0.100922967314102,-0.231604217053227,0.967560872147938
0.985945743339879,-0.150028825415925,0.0735006308428121,0.13266906591357,0.970496979814516,0.201331892954205,-0.101537727666095,-0.188751062818785,0.976761550300372
0.986237106042428,-0.131694946899169,0.0999640516700029,0.111818118598263,0.976645563322293,0.183467032450046,-0.121791128651485,-0.169764202952526,0.977929975191318
0.986672416557632,-0.11161485323763,0.118404674489929,0.0881244346212115,0.978245403304463,0.187803128132575,-0.136790447133619,-0.174865821275717,0.975043751901705
0.987171264678933,-0.0599181010410643,0.147995659935784,0.0313248160080783,0.981580853474443,0.188461624726215,-0.156561968862988,-0.181407963606942,0.970865335999657
0.983207890798567,0.00804742775773776,0.182311498205456,-0.0368575655280649,0.987195674128067,0.155197360951066,-0.178728182821788,-0.159310827909828,0.970915185160839
0.974047166173511,0.106890268125022,0.199515885707163,-0.132528829203122,0.983901763596048,0.119889236475327,-0.183489039180553,-0.143219377783692,0.972532766711667
0.98951366163425,0.119882578025038,0.0805660035328138,-0.132225742248313,0.976316853813397,0.171235960145039,-0.0581297387406956,-0.18009322154368,0.981930427794127
0.994688607522466,0.101007462502936,0.0198006712950761,-0.102736268769167,0.962477940881502,0.251160252420427,0.00631135044242816,-0.251860488833046,0.967742972601905
0.993707027670608,0.0907153337555794,0.0657044243537611,-0.105416214984452,0.955704130561629,0.274803632519281,-0.0378650865098312,-0.280000612586927,0.959252778038484
0.993011473295334,0.0625537840459614,0.100076161024292,-0.0875166147544701,0.959204400764625,0.268826635019104,-0.0791773707933425,-0.275706259731817,0.957975470614434
0.991773166131896,0.0102030942291456,0.127600485143533,-0.0473734965758404,0.955298413254858,0.291823051616778,-0.118919042894285,-0.295467152998267,0.947922688164075
0.988614794317837,-0.0327099887672628,0.146870164059096,-0.0157972556139556,0.948128085386339,0.31749579590398,-0.1496370113674,-0.316201186488096,0.936816724067495
0.982916300405455,-0.0789118602174398,0.166278274931741,0.0199928350500689,0.943856690266619,0.329749654716427,-0.182964020900047,-0.320791936550727,0.929309797914625
0.976817285537833,-0.116520387666575,0.179585606139609,0.0520412123814729,0.942977127249882,0.328764124711661,-0.207652842235222,-0.311796627213299,0.927180220005822
0.970774485775617,-0.153466789596047,0.184512444724384,0.0872805439671961,0.941939142593093,0.324241820707598,-0.223559845258214,-0.298661340220107,0.927805151659578
0.9650938950531,-0.181433796873543,0.188879726501509,0.114094114130968,0.940400888024543,0.320357149012349,-0.235746276432745,-0.287624663675945,0.928275684262706
0.958749606722274,-0.195761747056078,0.206098350307412,0.125370782123373,0.94194324534614,0.311488506267172,-0.255110483123799,-0.272800771509782,0.927630519368573
0.95385437253474,-0.199331691406628,0.224563382583466,0.127706128837864,0.946168980414923,0.297414534207445,-0.271759048890009,-0.255012033640684,0.927963297789756
0.953529361512067,-0.196167890657295,0.228691747576198,0.127835854332437,0.950712889515533,0.282494240748589,-0.272836491477009,-0.240131548081657,0.931609944415807
0.955400882600045,-0.189064731356344,0.226856079672131,0.125220940958719,0.955076069533129,0.268606435795126,-0.267448816547144,-0.228219694071966,0.936155383344683
0.957791927844999,-0.167638722580868,0.233520623599745,0.107962463110673,0.962658890721185,0.248257863268282,-0.266418335544001,-0.212567915751439,0.94012560420353
0.961942183483649,-0.131376708518697,0.239598405865944,0.0771398089323725,0.971733991953541,0.223119920132454,-0.262138676109775,-0.196145887901911,0.944886292178369
0.966521144841471,-0.0852666787229256,0.242005103404644,0.0370578088511488,0.979668835086831,0.197169197297049,-0.253896820337481,-0.181600019436046,0.950030440335122
0.971758948837657,-0.0401309487180267,0.232538281383778,-0.0044114402222956,0.982171360814283,0.187936045481926,-0.235934492071624,-0.183654362733943,0.954256773882006
0.979931571962201,-0.00904029767105432,0.199129071935033,-0.0346211480981364,0.97606921218042,0.214686443768257,-0.19630458572345,-0.21727210141091,0.956168051951346
0.989578171832557,-0.0114953868899402,0.143537095946601,-0.0291630971850045,0.960152052491605,0.277952423732438,-0.141012607929614,-0.279241637612318,0.94981027170087
0.991853175795568,-0.0375167141426911,0.121736493395288,-0.00567993483814499,0.941672792627654,0.336481931112309,-0.12725964012396,-0.334432127321479,0.933788057436349
0.987780560900492,-0.0627411321401102,0.142664339780078,0.00784381447589746,0.934242065721751,0.356553274014449,-0.155653583580899,-0.351077360383338,0.923318281495981
0.982761891282767,-0.0846352031651868,0.164365286564728,0.0220954978457715,0.936455740601038,0.350089181310004,-0.18355068514518,-0.340422573106644,0.922183071684894
0.976976587454455,-0.115236956110438,0.179547184640273,0.0468217616407071,0.936870030724572,0.346528885039906,-0.208145310306786,-0.330143892078197,0.920695682796847
0.970972948141098,-0.14606878674777,0.189408140047407,0.0716801946115223,0.933177697699698,0.352195022986334,-0.228196151761238,-0.328395027450058,0.916560539335749
0.962389364929029,-0.177874873832868,0.205346632625035,0.0949185869200602,0.928373658988158,0.359322711714745,-0.254552886702545,-0.326317144134169,0.910340567763253
0.955808272260642,-0.199959620170914,0.215514957669369,0.11223864725627,0.925733162096889,0.361137921930358,-0.27172234494095,-0.320989505895752,0.90726661151207
0.950925162346673,-0.22024959290396,0.217327983567678,0.131885774763444,0.923882261532655,0.359232110536284,-0.279906195056484,-0.312940383541254,0.907590677738624
0.949122676054112,-0.23310358778747,0.211728276714497,0.147143313819446,0.922723356213357,0.356273003603403,-0.278415141467042,-0.306992386320846,0.910077295477104
0.948941389110213,-0.238616127223888,0.206331247905529,0.155530013653,0.922959160562085,0.352074995970501,-0.274446087395462,-0.302007833943433,0.912946117440739
0.949502664917748,-0.236132484396005,0.206606241742751,0.154866669823309,0.925394563182216,0.345920824771557,-0.272875436585875,-0.29645632434773,0.915233655337424
0.953807953073839,-0.216258337943886,0.208525106217071,0.140903885217966,0.935072691278229,0.325246302294388,-0.265323357026054,-0.28084051220477,0.922351409670407
0.960123483053937,-0.184301535867311,0.210228069403983,0.118042418784201,0.948875373558385,0.292748207205458,-0.25343418209853,-0.25625859855112,0.932792927724404
0.966817250760372,-0.143351118491975,0.211458885978467,0.0864748318456907,0.962502500561924,0.257120671804705,-0.240388242410926,-0.23030282942062,0.942960285309749
0.974408905691023,-0.0951134143644143,0.203668168641951,0.0458412288093009,0.97110906832715,0.23419171452899,-0.22005877908249,-0.21886209315621,0.950617440366001
0.981588931993338,-0.0608197097502004,0.181063887879606,0.0149303914756228,0.969481453958883,0.244709611254146,-0.19042124881053,-0.237500891231321,0.952540327054853
0.988825606050376,-0.0436999369954822,0.142528019440732,0.000306101130349323,0.956663641369346,0.291195095398328,-0.149076581397632,-0.287897538698292,0.945986881563514
0.99126572026996,-0.0446673223722949,0.124085060058678,0.000741588314127422,0.942768441512959,0.333447320777958,-0.131877677657928,-0.330442878572554,0.934567162988427
0.988144052007528,-0.0529513166584685,0.144109300693184,-0.00352793431795753,0.930562776642392,0.366115381276245,-0.153489042480537,-0.362283144504042,0.919343263991569
0.983377136309187,-0.0705726415587149,0.167298864454506,5.43043019704884e-06,0.921388543308632,0.388642705103425,-0.181574799338599,-0.382181441887256,0.90607281038674
0.97891205999864,-0.0990348525969928,0.178670861531227,0.0184170897691458,0.913851391038258,0.405630923256446,-0.2034502140418,-0.393786405388167,0.896404081504437
0.97435894502192,-0.1310457442366,0.182897947427644,0.0442887331814943,0.90868428671902,0.415128143087317,-0.220597267365096,-0.396383501154401,0.891188512966606
0.967205587263912,-0.16522689155809,0.192907818067388,0.0709124633812861,0.904954668452182,0.419557469941604,-0.243895007129435,-0.392118760521162,0.886993857444729
0.959243395888815,-0.189526490647414,0.20959918126407,0.0876171035162839,0.904657074649245,0.417035754412601,-0.268654705179547,-0.381674320108055,0.884392086551516
0.951092117459693,-0.210668083562501,0.225926409864228,0.103480686785543,0.906397412678792,0.409555219416851,-0.291059326544313,-0.366145720796099,0.883867512455502
0.945874163870728,-0.228473026253375,0.230482412336551,0.120746404210814,0.906964943553752,0.403528062264197,-0.301234745658614,-0.35385684596905,0.885462004023226
0.942596961484411,-0.246143651014968,0.225664067288918,0.141127026619447,0.906095926984586,0.398839984780236,-0.302645222261826,-0.344098058941003,0.888820789178068
0.940926829748291,-0.255734405638567,0.22193831312443,0.152418714794172,0.905160593738432,0.396803269799511,-0.302366063638632,-0.339535290236198,0.890668597315466
0.939288796184057,-0.259734427713954,0.224219946532882,0.156771435103259,0.906118432807642,0.39290215431057,-0.305220042754024,-0.333897308743762,0.891825830930516
0.939031015394915,-0.256193172525095,0.229315962108879,0.154779745171936,0.910512523158119,0.383419060111448,-0.30702440067673,-0.324548923159148,0.894653013109179
0.943824239039369,-0.238286692568779,0.228943787743601,0.142985555747183,0.919105098956592,0.367152485923304,-0.297910954228648,-0.313791760912591,0.901545225784015
0.95063644815194,-0.209449004436574,0.228957327870479,0.121460759554964,0.930127831938684,0.346568175315298,-0.285547942267832,-0.301651008275411,0.909653253648353
0.95621674914281,-0.180336272934897,0.230495894372774,0.096333253461156,0.937650776900772,0.333962460248105,-0.276350199812382,-0.29713607865981,0.913969757608165
0.965149617535785,-0.146345207275875,0.216954594507485,0.0636878722324984,0.935448842623284,0.347677030827829,-0.25383079147539,-0.321742976834211,0.912168507544981
0.970858063824037,-0.120574935158637,0.207114231571206,0.0394479425834217,0.93283087896793,0.358148587976909,-0.236386293455809,-0.339541214369345,0.910402814149218
0.979355489095346,-0.113754845443365,0.167100751395585,0.0380882067681733,0.915671426818611,0.400118890597725,-0.198524846011772,-0.385494063827351,0.901100556136704
0.984410766109406,-0.107760214469499,0.139007840589579,0.0381866589927772,0.902428129283621,0.429144789730265,-0.171689320118811,-0.417146506224314,0.892474968669704
0.981195387072612,-0.117752679085877,0.152937630933407,0.0408687963098166,0.901131148729504,0.431616026437425,-0.188640806496397,-0.417249277240289,0.88899813653733
0.97790283392321,-0.127135768616021,0.165959464157266,0.0433438455103198,0.899884170074861,0.433969804831,-0.204517379362564,-0.41718698060593,0.885509833232572
0.971868607787004,-0.151784814830072,0.180091030273995,0.0604361348265655,0.899755804681707,0.432188576374712,-0.227637612896844,-0.409146504236045,0.883617708777983
0.966882416829437,-0.169842094507691,0.190504737367097,0.073058189653217,0.899375453507478,0.431029343029929,-0.244542210979333,-0.402836761680781,0.881998668076025
0.961889579581624,-0.194745623477003,0.19194420759387,0.0929289187871413,0.89300632652703,0.440345224608776,-0.2571626970331,-0.405726315290559,0.877070980215062
0.956491916285857,-0.219619167932748,0.192069349861802,0.113253787955043,0.886177381812191,0.449291917886717,-0.268880630752091,-0.407991506089302,0.872494204774646
0.95277441282046,-0.237645254871208,0.18906520333426,0.129781309018199,0.881505491855126,0.453987752762975,-0.27455005027162,-0.408010784987911,0.870717789659428
0.950011011736012,-0.253794631390796,0.18184433633613,0.146376128768575,0.876505492007956,0.458598028132064,-0.275777276995483,-0.409055506694509,0.869839344899882
0.948765819681521,-0.2606560747981,0.178610834147588,0.153303406825544,0.873991311282316,0.461126070894608,-0.276299628772337,-0.410119005258065,0.869172547119618
0.948107767195065,-0.261796892181623,0.180427406533572,0.15335203883239,0.873631573450295,0.461791106515392,-0.278522555586323,-0.410158824255684,0.868443967631107
0.948955977638194,-0.256195261670673,0.183974292775467,0.14716265289527,0.875547282654037,0.460173999080736,-0.278972590226287,-0.409610722191969,0.868558201946081
0.951762149112525,-0.242475972493214,0.188027163676362,0.134202038311922,0.880030624168606,0.455561097371515,-0.275932282325995,-0.408352180462996,0.870120607893805
0.955466024242181,-0.223783556758569,0.192368386808547,0.117245944744678,0.886086207707446,0.448446898697677,-0.2708100163579,-0.405921362132028,0.872862980544548
0.961034369548901,-0.194414187784464,0.196509704935538,0.0913387900644914,0.894292438938772,0.438061935217497,-0.26090259863654,-0.403043617050377,0.877203326931476
0.966766461342199,-0.165906925696753,0.194518639800235,0.0677396272683425,0.899879020437002,0.430846946693241,-0.246523735411882,-0.403351757877902,0.8812113295319
0.973912293171164,-0.135077130180183,0.182343121922297,0.0441211955300012,0.900921323303388,0.431733817672736,-0.222594171790474,-0.412425675873311,0.883378116417515
0.979166918976075,-0.1137231414165,0.168223636535603,0.0266458630938039,0.893252805516003,0.448764329484616,-0.201301124594192,-0.434932721859546,0.877673848700621
0.980804848723032,-0.10659386873731,0.163277664942275,0.0152760092331564,0.876786578029327,0.480637014939062,-0.194392623994063,-0.46891688361077,0.861584855949469
0.979888802402796,-0.110540776615595,0.166128479288876,0.0108975024001081,0.860941558392226,0.508587138526532,-0.199246529121721,-0.496548456586452,0.844831610970234
0.977853673139442,-0.12082872047302,0.170887724066278,0.0145804741212919,0.853858460652074,0.520301008020617,-0.208781234075522,-0.50628662779272,0.836710372121787
0.975304362351178,-0.133210195172642,0.176171634154956,0.0236184793616836,0.855973323769663,0.516480238176987,-0.219598652571919,-0.499564523256788,0.837980738974242
0.973001978157243,-0.146369297338715,0.178446572672777,0.0359059396525682,0.859762062594642,0.509431015173471,-0.22798665311758,-0.489270093628844,0.841805714806372
0.970241691478293,-0.165882156224629,0.176392092690143,0.0559115749730512,0.862270087231976,0.503352950174123,-0.235594897867872,-0.478511658072432,0.845885120561533
0.966353842867338,-0.185024381870852,0.178679121580656,0.0737037515650911,0.864720878400406,0.496815417900513,-0.246430532565989,-0.466930166697055,0.849263334924748
0.962407318230075,-0.200370018447091,0.183368507450725,0.0888105616999987,0.87015378104967,0.484711338278252,-0.25668041987601,-0.450204679043294,0.855237340753899
0.959341401180564,-0.212729911973295,0.185499489305886,0.103256232913907,0.876180511976336,0.470792800281944,-0.262682748473019,-0.432497046215023,0.862521929384953
0.957644663523268,-0.22050712614061,0.185184518107251,0.114244340026059,0.881277415726105,0.458582977554911,-0.26431974802768,-0.418003258183865,0.869142305350659
0.956675110061925,-0.224143214595007,0.185829365653061,0.120736529239655,0.886183697546139,0.447326664430609,-0.264944190906621,-0.40550989328803,0.874852160167858
0.956500843198357,-0.223040853100127,0.188039662861852,0.121844707301873,0.89108882518112,0.437166527698374,-0.265066037551686,-0.395238514679048,0.87950356011272
0.957482235543212,-0.216885273757969,0.190232874777478,0.118670596078737,0.897130541177157,0.425528003442192,-0.262954479417046,-0.384860455378455,0.884724460857955
0.959596407132091,-0.205829546017965,0.191856543816521,0.110860857332971,0.903249549653247,0.414548092942912,-0.258620582573353,-0.376529479639039,0.889573462526943
0.96262861841112,-0.188381546976062,0.194572700486997,0.0969382070609188,0.910515248354994,0.401951447969601,-0.252881646284801,-0.368068438299116,0.894749404973448
0.965963898671358,-0.16779632026511,0.196870874862482,0.0799924563268202,0.917530581754687,0.389536697213122,-0.245997872743713,-0.360530201856092,0.899723857722565
0.970126450911806,-0.142970825873017,0.195994928991669,0.05849029920038,0.921902848950895,0.382980445970384,-0.235443314070949,-0.36007565877939,0.902724745320453
0.974626262461314,-0.120341278065266,0.188736920909258,0.0384584446464849,0.920672601901477,0.388436491776118,-0.220509855915925,-0.371321877757807,0.901939835322931
0.980416530690248,-0.098834160396565,0.170338589544482,0.0230639295746286,0.916619914715587,0.399093957733473,-0.195579859652966,-0.387349636227397,0.900948820862001
0.985342608842803,-0.0837737448754697,0.148599807767033,0.0175302771584221,0.916223413752671,0.400284080965195,-0.169683919631791,-0.391811964800645,0.904262545756181
0.98744451962134,-0.0743319727400214,0.139384642261465,0.0134477185611703,0.91872253374627,0.394674631630074,-0.157392755663275,-0.387844896595806,0.90818712644989
0.98620283777632,-0.0739490626565133,0.14810637695304,0.00933186359000479,0.918090389422439,0.396261218354879,-0.165278186957234,-0.389411829535749,0.906113429948895
0.98443206612178,-0.0821525491963457,0.155384895828859,0.0125975789006677,0.914751267278013,0.403821024736345,-0.175313456976482,-0.395576892239439,0.901545403254402
0.981997514082964,-0.103612696319316,0.157940784778094,0.0287354203864253,0.908345432373836,0.417232370629132,-0.186695361351305,-0.405182655905989,0.894970310905828
0.978530502199843,-0.129213238234676,0.160567728169245,0.0477632678980633,0.900030894054217,0.433200946429789,-0.200491213034939,-0.416231100247058,0.886879329268025
0.974083610871928,-0.153461958658915,0.166164214785483,0.0658636869667436,0.89523652615524,0.440696649609056,-0.216386445439296,-0.418331195922644,0.88214279838815
0.969339986356955,-0.175002156556369,0.172494162365337,0.0824401229978162,0.892912413238515,0.442618400436174,-0.23148135339505,-0.414827274278335,0.879962905777967
0.965283312554858,-0.192542427433507,0.176509320267042,0.0972489560609571,0.892082100139245,0.441284678134432,-0.24242682823519,-0.40879938875831,0.879836514758655
0.961764470434537,-0.208344000503402,0.177769178610956,0.112313256402264,0.892024776256823,0.437809925630158,-0.249789583141681,-0.401104195936921,0.881317529699541
0.959627642626941,-0.219398372623726,0.176008924763264,0.123926016701981,0.891540482423309,0.435658020223196,-0.252501742351691,-0.396257393988397,0.88273605784452
0.958113061321673,-0.229116339171792,0.171828591478044,0.134663848806284,0.889934135881324,0.435755529646889,-0.252754840803278,-0.394363965034433,0.883511207361191
0.957471153382246,-0.233534452854158,0.169442172350865,0.139463567870569,0.888693784583407,0.436775995768579,-0.252584448606169,-0.39456940653443,0.883468210944449
0.957982246620621,-0.23238938098089,0.16812254687289,0.138973139443011,0.888813846776775,0.436688003374522,-0.250911302401987,-0.394974836394917,0.883763767610862
0.960014092216435,-0.224630059573573,0.167075668730748,0.133117225165924,0.89129601977064,0.433441125765818,-0.246277784442646,-0.393868939467164,0.885558869535523
0.963505355916207,-0.209881856408427,0.166153650189624,0.121568496247356,0.896071915088539,0.426938196592569,-0.238492200796882,-0.391158189662585,0.888885111147075
0.967952161820997,-0.1891430530233,0.165207499584867,0.104341828335941,0.901269372204914,0.420507195639829,-0.22843247423598,-0.389792796519364,0.892121169178292
0.972581683570585,-0.166698007554738,0.162162397183462,0.0845954384515198,0.903107533797789,0.420999280511108,-0.216629823838274,-0.395737989931414,0.89244773670442
0.97839058642386,-0.14101422460273,0.151217885373606,0.0638710407628092,0.901704060389483,0.427609959693404,-0.196652868143462,-0.40871111550435,0.891225489712979
0.984495373240377,-0.116863469455693,0.130812039105995,0.0491463796250916,0.899648095696176,0.433840912409136,-0.168384956091796,-0.420685432855743,0.891442804191576
0.987111647296291,-0.106954578588407,0.119043327788575,0.0448055668476117,0.898821920364172,0.436017908637164,-0.153632864164754,-0.425064552264522,0.892029746957295
0.985796126102172,-0.115348881221151,0.122068150485609,0.0484644735264765,0.89128869344542,0.450838840099385,-0.160801718174122,-0.438519213418735,0.884219264037413
0.982910188539075,-0.134995871840378,0.125154607794259,0.0611090326704878,0.880594365570083,0.469914087309905,-0.173646904355234,-0.454235267138385,0.873794641031612
0.979629497250663,-0.157682313920011,0.1243476416875,0.0797993288278586,0.873903309292555,0.479505029302243,-0.184277278130092,-0.459814412436532,0.868684402346797
0.975820317212328,-0.181857754884027,0.121253723671361,0.102628258299637,0.8710106041199,0.480424778825021,-0.192982250774553,-0.456364201596958,0.868613588649613
0.9722959401324,-0.200192969066543,0.120678829702534,0.12044640413156,0.871521240929699,0.475335029574021,-0.200332894288053,-0.44763098836506,0.871489087551583
0.96841993070901,-0.216878422920122,0.122990192605896,0.136911406410143,0.874845828035965,0.464650453527018,-0.208370114460667,-0.433137999764218,0.876911266069664
0.965401842172718,-0.229930339695472,0.123009438731528,0.151835227699279,0.879156955602526,0.451695816944553,-0.21200317629467,-0.41739080764102,0.883651269980272
0.963084137943233,-0.241613968460408,0.11870818626764,0.167798948170004,0.88361439094423,0.437114540034188,-0.21050524039838,-0.4010589711764,0.891537573747595
0.962026306985652,-0.248261519415939,0.113453085655868,0.178203766796264,0.886089685114494,0.427888405350414,-0.206757834596833,-0.391422135182703,0.89668272533926
0.961588154288249,-0.2515677903189,0.109826537806594,0.184057284167104,0.887743452364968,0.421941321664707,-0.203644635769143,-0.385519402439353,0.899946472111124
0.961905235670024,-0.250912524496102,0.108541340702918,0.185042872864527,0.889820501088145,0.417107433457241,-0.201239789287896,-0.381133022571171,0.902352573173661
0.963361887769839,-0.24569511985246,0.107553620456112,0.181598784489793,0.892643502808956,0.412564489946466,-0.197372122307994,-0.377917299119322,0.904556665091798
0.966106179086463,-0.235744066267837,0.105183582133625,0.173557493683331,0.894797180759101,0.411358483189451,-0.191093294276161,-0.379160573537217,0.905384234652676
0.969879706059286,-0.221208611293993,0.101980910290775,0.160796759941246,0.895914843327747,0.414102638843822,-0.1829692809374,-0.385231545689605,0.904499252868043
0.972737316524471,-0.209226988874225,0.100030896064142,0.149952924352487,0.896488786146142,0.416919628696412,-0.176907415104363,-0.390553355434109,0.903422294965234
0.978443914145343,-0.181939492975418,0.0977012168183585,0.12457722178961,0.897330305919109,0.423413318036054,-0.164705867178806,-0.402114838043768,0.900652893373419
0.981529057807908,-0.165751310457934,0.0955364420532718,0.110258188616725,0.898194209601286,0.425547052253544,-0.156345260630693,-0.407153122203673,0.899879155530408
0.984797443575017,-0.149781860735247,0.0879737990699403,0.0989051147322898,0.899834987334485,0.424870302384786,-0.142799766834206,-0.409710128949034,0.900969387287194
0.986405952928008,-0.142778918895021,0.0813478724205913,0.0940279302235512,0.896397309329515,0.433163493573362,-0.134766629274693,-0.41962607658006,0.897636848334538
0.986325077793014,-0.146286992352717,0.0759141408763909,0.0976191994663257,0.889664553686151,0.446057702332305,-0.132790559951218,-0.432547220292557,0.891778879209989
0.985124512637303,-0.155669352157607,0.072778756515535,0.106809856301595,0.886458175910297,0.450314953070206,-0.134615560757103,-0.435842810151343,0.8898986996515
0.983321891583907,-0.165676292719878,0.0750294846206724,0.116179787965854,0.88959467692159,0.441727933983103,-0.139929676623852,-0.425643837995299,0.894006157012677
0.980926220479781,-0.176513272750337,0.0814052487141745,0.126242721970008,0.89696350902048,0.423697107183034,-0.147805700583078,-0.405338781796947,0.902138540827578
0.978940126159584,-0.185301302855551,0.0856717955612759,0.135031615271722,0.902476032271001,0.409027473470306,-0.153110065873434,-0.388845005543889,0.908491535123914
0.97667469368449,-0.194705124052079,0.0905342884446105,0.144236817194439,0.907237783623104,0.395114343617459,-0.159066914479176,-0.372839802910716,0.914159831803811
0.975035984925284,-0.20053343823523,0.0953476179583878,0.149461490788914,0.91027952670992,0.386073109687686,-0.164213552643918,-0.362184377634268,0.917527321514592
0.97375368349748,-0.205927276840106,0.096941840957901,0.15486035641201,0.911571145526454,0.380862595505957,-0.166799382154233,-0.35585390723836,0.919535732212815
0.973143077553947,-0.209924027119243,0.094469325428262,0.159495984487752,0.910770176685876,0.380865745626804,-0.165992715325446,-0.355569385771073,0.919791732057463
0.973054117392204,-0.209609033986477,0.0960715228219823,0.158372785769595,0.910394079462,0.382231187644488,-0.167582055583696,-0.356716516230737,0.919059074104896
0.973837026323996,-0.205495324699769,0.0970212228688795,0.154266795525475,0.911301847029071,0.381746904898657,-0.16686282377671,-0.356792117524952,0.919160586031256
0.975694707566596,-0.198182316035868,0.0935072576712244,0.149126151873483,0.913161524683632,0.379338134999465,-0.160565340138961,-0.356173833188409,0.920521032947067
0.978505729024426,-0.18673615702536,0.08749940528813,0.141589497497853,0.916847334524144,0.37328726120011,-0.1499298251339,-0.352874726830037,0.92358024811055
0.981433489699783,-0.173294028222513,0.0822039237392015,0.132292051560909,0.921926124205692,0.364075589130715,-0.138878070225328,-0.346441050237247,0.927734595841398
0.98508511339002,-0.154771080918344,0.0751879770225139,0.118954134751044,0.928283021228699,0.352335843087456,-0.124327121751455,-0.338136873188781,0.932848445240229
0.988257673481706,-0.136377826253125,0.0689047118200009,0.104587420218482,0.93252181672681,0.345636417150411,-0.111392290292316,-0.334371275433466,0.93583524609219
0.990253491046974,-0.122531325488969,0.0662125195351725,0.0922968725522657,0.933355848696255,0.346883477585145,-0.104303934663799,-0.337391366188303,0.935568145692894
0.99177254503744,-0.110582240773862,0.0644886574165565,0.0800969108148908,0.929026353541294,0.361240251499855,-0.0998584187130442,-0.35310282135831,0.930240126935477
0.991938351707818,-0.110482167941401,0.0620644582522501,0.0777343672875645,0.917303081987393,0.3905283906694,-0.100078342080489,-0.382555546742427,0.91849636858456
0.99090204929488,-0.122374967128058,0.0560133566536798,0.0867445721113012,0.898938411822873,0.429400874426913,-0.10290047576388,-0.420635351783201,0.901375278625829
0.988811434393281,-0.141544810896782,0.0470851751753614,0.104179129155796,0.881183695536194,0.461152907146335,-0.106764489702523,-0.451087975044082,0.886070529082866
0.986988263290535,-0.154192565957289,0.0455940865709598,0.11535467014468,0.876556479161737,0.467270841071205,-0.112015481977026,-0.455931345098235,0.882937789628675
0.984225914654349,-0.169590010171204,0.0503842968884072,0.127774755733813,0.878380412220666,0.460566459074276,-0.122364049949209,-0.446863603213758,0.886194086756871
0.981720559120574,-0.18274621459027,0.0531842538061176,0.139489006073379,0.880942977842777,0.452197177096629,-0.129489617285122,-0.436512646829879,0.890330920598025
0.978641184327886,-0.198183047466505,0.0546343484833484,0.154021006448959,0.882868424865639,0.44364498638857,-0.136157856584777,-0.42575441756035,0.894535753348119
0.976394432380137,-0.208936329665884,0.0547678971918559,0.164837284236982,0.884642075109678,0.436161745996847,-0.139580020570441,-0.416838108972046,0.898200093946869
0.974171879832529,-0.21901303062094,0.0549767310940391,0.175005434825126,0.886139464608751,0.429103655361481,-0.142696343068852,-0.408399487856127,0.901580618687885
0.972849464777552,-0.224923973279483,0.05452637092453,0.181128841651472,0.88659929194906,0.425598447174588,-0.144070335614326,-0.404166923138936,0.903267865384561
0.971604653115406,-0.230334248198331,0.0541343897296383,0.186738145239238,0.886975502650567,0.422378175111337,-0.14530403696078,-0.400275644780798,0.904801715868298
0.972458532642728,-0.226688748911937,0.0541905287581915,0.183158642006028,0.887035762312325,0.423816550216599,-0.144143380523904,-0.402218556876398,0.904125499228624
0.973000695470683,-0.224340755315955,0.0542298083883075,0.180854370886197,0.887066116585853,0.424741570059549,-0.143392270171454,-0.403466145183905,0.903688954533316
0.976539400075415,-0.207756835440076,0.056638303543387,0.165243027262025,0.891627114540535,0.421539832705524,-0.138078028815699,-0.402291170601648,0.905039375946885
0.980061897017607,-0.18938074396723,0.0601133248844826,0.148268272201284,0.898471441951823,0.413237930804345,-0.132269412460685,-0.39608585156684,0.908636781511664
0.984511113805589,-0.163615773929102,0.0629900413943252,0.124892057274812,0.9066457522387,0.402983193169624,-0.123044060494374,-0.388874476494796,0.913037129972245
0.988679577750762,-0.137097849108484,0.0609661570742368,0.101514204127824,0.910412929626666,0.401052570031518,-0.110487822400786,-0.390323554680496,0.914024049882012
0.992146205330316,-0.11335458864801,0.0528833100429041,0.0813737486362692,0.906009534273064,0.415361332864755,-0.0949958961299628,-0.407795857064224,0.908118009225519
0.993961746217204,-0.100503313606543,0.0440355652961382,0.0704542477490628,0.892224060625525,0.446063251809665,-0.0841204257654417,-0.440267316064915,0.893917470672789
0.994360109312509,-0.099706038104274,0.0361480147942149,0.0695925769396797,0.870610367854203,0.487026139565079,-0.0800302832864435,-0.481763731875198,0.872639020676232
0.9936930256579,-0.107424308823582,0.0321588033456148,0.0768269502373869,0.861113977502229,0.502573713466503,-0.0816810288626943,-0.496933331166329,0.863936035768776
0.992071798616317,-0.119351295471461,0.0393549826511036,0.0841527561567543,0.863479356345994,0.49731450290086,-0.0933373452665454,-0.490059863112244,0.866677258583033
0.98989898940597,-0.1305081699241,0.055385994223278,0.0879949312000334,0.871883384555559,0.481742935411661,-0.111161516974806,-0.472003158166345,0.874560538684919
0.986993464879771,-0.1459142027095,0.0674755195035482,0.0986806165955796,0.881249030888841,0.462236174986115,-0.12690955910781,-0.4495655580726,0.884185937912345
0.984042756775691,-0.16398361720767,0.0690595838735287,0.115487471496301,0.883889203623719,0.453213547508035,-0.135360617480446,-0.438005991973757,0.888722821936287
0.981408353569672,-0.1771039203307,0.0739719199910393,0.126784229818863,0.887557316108312,0.442908308447523,-0.14409511654772,-0.425295440871525,0.893510148437606
0.979266072086854,-0.186749027991406,0.0785032521864448,0.135620963958176,0.892230046880152,0.430734834415904,-0.150482272027765,-0.411157322674066,0.899057696600644
0.978075234701983,-0.192444768677928,0.0795854652003652,0.141712412246805,0.895079135782331,0.422789466404197,-0.152598910473998,-0.402241658329483,0.90272654820078
0.976996865702545,-0.197391102660037,0.0807085930868397,0.146872260970944,0.897222763001361,0.416437093099889,-0.154614563882854,-0.395003881174422,0.905575104832535
0.976591939839714,-0.19853872643261,0.0827680925636225,0.147552372101079,0.898316004616757,0.413831672708519,-0.156513515478529,-0.391932047625482,0.9065830295768
0.976780871865214,-0.196362479067982,0.0856790824676952,0.144717796274915,0.899634061060967,0.411965187388792,-0.157974326393759,-0.390000426914159,0.907162487764574
0.977734789547352,-0.191246246391623,0.0863687127952447,0.139484774941199,0.899802715501005,0.413399408244157,-0.156775887394701,-0.392147862952395,0.906444358310798
0.979712438920643,-0.181205583446038,0.0856041678433055,0.129722896058918,0.898986685095135,0.41832392981964,-0.152759638852188,-0.39873233697512,0.904254950878406
0.981855356783804,-0.169295645027206,0.085434436439701,0.118328379492398,0.899025257676089,0.421606428635931,-0.14818384851815,-0.403847211993921,0.902745244464398
0.984878995109313,-0.150211334677177,0.0863129186562976,0.10069959480607,0.901770137845792,0.420321555592233,-0.140971474413659,-0.405274195359244,0.903260687718422
0.987602981556858,-0.130956212130372,0.0865495310470723,0.0832392082116629,0.90436980265406,0.418552857192197,-0.133084879067077,-0.406159735266706,0.904059004939268
0.990535590671769,-0.109411279728003,0.0828759041025151,0.0646482255743804,0.904534135129006,0.421471950806344,-0.121077869747583,-0.412125187600444,0.903046498915026
0.992354176343058,-0.097676007639046,0.0754492294605157,0.0557673026558922,0.900195403971001,0.431900732372581,-0.110105388828043,-0.424390895521078,0.898759796135677
0.993322644201691,-0.0924361869385395,0.0690338747313445,0.0514088903814969,0.890321781672201,0.452420436176108,-0.103282382359736,-0.445850509054661,0.889128828162599
0.992950918655214,-0.0951970299651035,0.0706116040576113,0.050766443379699,0.879919437211438,0.472402955371874,-0.10710388120111,-0.4654882485126,0.878549628153316
0.991399775404031,-0.105892092124806,0.0768983104773213,0.0550539376155823,0.870544431433514,0.489000467129754,-0.118724678487055,-0.480561398497143,0.86888733043624
0.989640966165777,-0.118560918980604,0.0809571897791726,0.0639041218457046,0.868754886325645,0.491102036950005,-0.128557463017888,-0.48084119621325,0.867331956477227
0.987219203852344,-0.135598878905689,0.0837328345672317,0.0788365359104171,0.872137276586083,0.482867861215317,-0.138502866940683,-0.470095218895629,0.871680813727526
0.984747399750054,-0.150282845994547,0.0876791017591131,0.0913801494816226,0.875555722000782,0.474396296309747,-0.148061564783781,-0.459148389816918,0.875934089508058
0.98105622009265,-0.169188809546232,0.094360159717173,0.10684842621058,0.87887383430784,0.464934616032574,-0.161592409579918,-0.446044762432385,0.880302199856841
0.978661906142016,-0.181096333064689,0.0970823960200753,0.117282897815994,0.880270550500108,0.459748278737527,-0.16871750160063,-0.438552022082625,0.882726757598796
0.976348840630218,-0.192371461584749,0.0986719928235784,0.128582382116053,0.883569130785484,0.450302300829503,-0.173808838697547,-0.426964649462611,0.887407277240771
0.97389466822637,-0.203598974524921,0.100382432589809,0.13991802767545,0.886624255109277,0.44081784875766,-0.178751561480338,-0.415264840582873,0.891965801723374
0.972072543888148,-0.209724901431773,0.105311134920565,0.145233587379225,0.890091777571679,0.432022953783996,-0.184342546678148,-0.404662937787389,0.895692878315717
0.970891907505432,-0.212686742032162,0.11015104949208,0.147596386658649,0.893457689577695,0.424203563846178,-0.188637776136627,-0.395597910381529,0.898842635123632
0.970435837176525,-0.212213047689509,0.114977860102834,0.146355850143921,0.896195668990569,0.418823695618092,-0.191922513145662,-0.389613841223429,0.90075901531707
0.971270286882687,-0.206768087833745,0.117817603406275,0.140441852528322,0.897688879634638,0.417649088875723,-0.192120055895356,-0.389103627885792,0.900937428953243
0.973049173609215,-0.197897644990356,0.118371566880288,0.131481475172167,0.897842625204437,0.420227607437393,-0.189441092229152,-0.393338457912872,0.899664898782736
0.976062617799013,-0.181368600890278,0.120029982697826,0.114280232863884,0.897253894281103,0.426468612648072,-0.185045385005716,-0.402543016097034,0.896502830826311
0.979373173712411,-0.159617291077225,0.123897163008872,0.0908099732997014,0.895455078685069,0.435790948513647,-0.180504114528688,-0.415550866256208,0.891479524269587
0.983278140855287,-0.133413558789492,0.123955314719828,0.064095314954959,0.890642422830765,0.450164264746736,-0.170457878424535,-0.434691726382349,0.884300409757758
0.987919720575384,-0.107567475370203,0.111552068294291,0.0441124761991549,0.885269312661368,0.462982001273967,-0.148555427843726,-0.452468211372411,0.879320079695453
0.992145921472189,-0.0858281833059254,0.0909944693731652,0.0340912630650771,0.885454976710786,0.463473052076094,-0.12035055583057,-0.456730781936696,0.881426534966339
0.995045944574236,-0.0698051891708362,0.0707870309533366,0.0298798836333626,0.889095644960787,0.456745144107542,-0.0948196221276034,-0.452367295100548,0.886776786786276
0.996094875603286,-0.0661374583551973,0.0584879081450806,0.031892727433893,0.887266679365856,0.460152902439955,-0.0823277154650862,-0.456490609201769,0.885911096542366
0.99426190115686,-0.0884585548029956,0.0601527720899967,0.0500138669339803,0.881470531753257,0.469583128705601,-0.094561540925768,-0.463880141558998,0.880836721103831
0.991847035780579,-0.111171742933628,0.0622920635906082,0.0691638782747398,0.880178078822571,0.469577371156451,-0.107031843650729,-0.4614405629475,0.880691087335066
0.988772337772211,-0.134840176197443,0.0644002402132009,0.0900143923195748,0.881473683416773,0.463574756235716,-0.119275618765166,-0.452572946967346,0.883714351157363
0.985809480643307,-0.153723662567169,0.0674440763945061,0.10666243041397,0.883840874801993,0.455465074366226,-0.129625590883737,-0.441808039306871,0.887695253221431
0.98268715874365,-0.170972224071111,0.0713753923737684,0.121694600392427,0.88613409994307,0.447165272749811,-0.139701010288613,-0.430737571514563,0.891598997425456
0.979920195126252,-0.184809229204559,0.0748462422874045,0.13420949906444,0.888960523111657,0.437877835371831,-0.147459219937582,-0.419040257194777,0.89591352334114
0.977246513152359,-0.197184301576418,0.0781511595779349,0.146589730838758,0.89416966655121,0.423050893194091,-0.153299391206149,-0.40196885281265,0.902729382497494
0.97612755503919,-0.201820000977132,0.0802725575698405,0.151667956726062,0.897914411369839,0.413214884481304,-0.155472914669257,-0.391175660106743,0.907088626179548
0.975429262311858,-0.203695662336245,0.0839394506244994,0.154180281507961,0.903296326304203,0.400355076999726,-0.15737278996024,-0.37757624929374,0.912507523776873
0.975673989876406,-0.201654586683135,0.0859982159600343,0.152573848798165,0.906293981224735,0.394147739126758,-0.157421364946342,-0.37143861843577,0.915014681080559
0.977391755838411,-0.192438019834092,0.087595457310535,0.144092033117374,0.909420060432334,0.390118750735403,-0.154734745972615,-0.368677043231041,0.916588455187609
0.979664541593019,-0.180842646694803,0.0869098560679894,0.13308045696051,0.909828003058389,0.393068183431279,-0.150156511415661,-0.373508958376104,0.915392855604781
