1,0,0,0,1,0,0,0,1
0.995959688816948,0.088069493437741,-0.0175517115196068,-0.0876686371745736,0.995897086507151,0.0224321898734976,0.0194552899644486,-0.0208028222168862,0.99959428483771
0.983873295645024,0.17578694233767,-0.0330497960685335,-0.174186944181078,0.983623421589217,0.0463019759619392,0.0406478362702983,-0.0397984347015642,0.998380607785352
0.990095103881009,0.130873514852569,-0.0508311752863247,-0.132796922481918,0.990471099647535,-0.0364962757323802,0.0455704141980976,0.0428850075566837,0.998040186303476
0.997901594303887,0.0599185498290213,0.0245392638876629,-0.0585989574589624,0.996959459755965,-0.0513614426181483,-0.0275421544270594,0.0498156901937704,0.998378598899253
0.992695462504589,-0.0571574003191595,0.106248530867753,0.0505395393927186,0.996671228700967,0.063970437216547,-0.109551237696214,-0.0581334109480916,0.992279715025339
0.974507784534835,-0.163113051200319,0.154041262034332,0.129297335406842,0.969427583012639,0.208548220685203,-0.18334878493652,-0.183314739784872,0.965804809078888
0.955566432183062,-0.240731669284347,0.170120713284731,0.194277502701208,0.948360574137127,0.250735863742067,-0.221695840351405,-0.206544147401639,0.952990277780951
0.945909294071776,-0.260139472987306,0.193863513799067,0.225166112548567,0.95659816232575,0.184986966013187,-0.233571892890392,-0.131329396666872,0.963429686288893
0.943025302948983,-0.232940164072155,0.237575583678157,0.232403560943818,0.972135685097213,0.0306723755390066,-0.238100530991875,0.0262885854052729,0.970884672563522
0.948323045399151,-0.217852496542403,0.23070260361583,0.233590052044579,0.971387862075095,-0.0429104765644486,-0.214753554454149,0.0945828270005681,0.972077671632205
0.957313074751719,-0.211518077825188,0.197007054854765,0.219806527419512,0.97531863211627,-0.0209441244892836,-0.1877145903045,0.0633535208175899,0.980178332747072
0.964378791524515,-0.199074254055975,0.17419238740477,0.18979160111507,0.979425785657349,0.0685877433340832,-0.184262569731061,-0.0330843129223091,0.982320076978255
0.97140276206417,-0.17622034322376,0.159132223286804,0.148780518420691,0.974068507203106,0.170454981193228,-0.185043322474958,-0.14190466486065,0.972430992357923
0.979800987539084,-0.137558952593213,0.1451466822869,0.101016852226623,0.966872311082027,0.234421691891183,-0.172585110550303,-0.215024344259804,0.961238217608924
0.99001979282861,-0.0738412585759962,0.120034488125329,0.0406370105636852,0.965140847407368,0.258557107885734,-0.134942369847442,-0.251098811621443,0.95850922980546
0.99486308055302,-0.0221396883885576,0.0987789711963669,-0.00342662285002258,0.967866061548582,0.251442926244267,-0.101171681850204,-0.250489762466441,0.962818347192817
0.995509341583832,-0.0101495769970334,0.094117675843094,-0.0143992296668999,0.966430633798715,0.256523862906386,-0.0935618138148482,-0.256727123892657,0.961944577849203
0.994229353719121,-0.0244522302641508,0.104451331434159,-0.00330577107500961,0.966229407899913,0.257662188120383,-0.107224363280269,-0.256520602962985,0.960572806285212
0.991026249662644,-0.0559753834070412,0.121382572604267,0.0243537850365243,0.968507699791511,0.247789686223927,-0.131430078878429,-0.242609958363197,0.961179765948607
0.983391053440966,-0.0996736264150369,0.151681258596909,0.0607410569450598,0.968256725023312,0.242465334529139,-0.171033797868911,-0.229224960779594,0.958229282239972
0.970929882144959,-0.153848094381212,0.183373738068583,0.107646596945571,0.964894306150247,0.239564580280289,-0.21379282991722,-0.212860850825376,0.953405938759501
0.954460976887426,-0.20879511194983,0.213093511926007,0.162684623486388,0.962992826196187,0.21489190300189,-0.250075902238088,-0.170438897909307,0.953106827800152
0.936070106705966,-0.255719489072363,0.241620152801976,0.220555961395741,0.961613479783757,0.163262314668679,-0.274094551613637,-0.0995342072191484,0.95653809039106
0.915053232294776,-0.297116777238045,0.272762172506675,0.277662756188008,0.954555408441768,0.108292963948025,-0.292542263430366,-0.0233579300933901,0.955967275176714
0.898237889776349,-0.318348308567601,0.303023180305201,0.309037344773683,0.947714666024916,0.0795790885629749,-0.312513380362126,0.0221645264652646,0.949654737713243
0.885892487781952,-0.332578166680843,0.323397994951598,0.328178793015708,0.942034230547409,0.0697867343533452,-0.327861525504682,0.0443088199364521,0.943686149400097
0.884121672546246,-0.343758723955088,0.316478763645837,0.334366173433038,0.938567923636963,0.085378655315876,-0.326386473674654,0.0303346736354558,0.944749531557257
0.889965824545126,-0.345854957719071,0.29722916977116,0.326953694495445,0.938282456980612,0.1128153915838,-0.317902678185467,-0.00322166782376299,0.948117876668794
0.900914216195192,-0.331191220812059,0.280474509206131,0.30753635704364,0.943172889718716,0.125882044771971,-0.306226981426733,-0.0271528148939323,0.951571206210869
0.925450099661082,-0.282692475498368,0.252244082852102,0.25705384595942,0.95760033282077,0.130095821835374,-0.27832612761788,-0.0555568796653983,0.958878511495112
0.944636769003558,-0.23865107381499,0.225182236451883,0.211343334054454,0.967507214774621,0.138794036290479,-0.250988784206121,-0.0835191853768215,0.964380202968065
0.967825582915089,-0.175942994341013,0.179882472179435,0.144231659689161,0.973700718963066,0.176363653381637,-0.206181641758856,-0.144744508127689,0.967749015999757
0.9788091398815,-0.132571810533883,0.156068519363149,0.100794367610758,0.975339490788452,0.196350129020766,-0.178250282306606,-0.176458473189281,0.968033699876882
0.988384327504717,-0.0802205816987829,0.129077803726889,0.0501841029904746,0.973972542514037,0.221040815768908,-0.143450259498161,-0.211995624248832,0.966684994374724
0.994287541935786,-0.0267089797724136,0.103338832733921,0.000372533121487689,0.969047066715457,0.246875765739048,-0.106733992572028,-0.245427001142264,0.963521375964203
0.995003242327545,-0.0197420621713537,0.0978713376780757,-0.00161847125920919,0.9769380920899,0.213516614750537,-0.0998294961845275,-0.212608125914718,0.972024617222515
0.994075279673387,-0.0460527227233536,0.0984554979269486,0.0247468068810372,0.977909670692216,0.207557875099535,-0.105839188826588,-0.20389169354441,0.973255487224256
0.990982889266125,-0.078202590287678,0.108799209804397,0.0522655095346403,0.973294639223739,0.223530449316006,-0.123374347799079,-0.215828404364738,0.968605631913487
0.982073277646296,-0.134781734062156,0.131779973805808,0.0985667187245261,0.963092463669951,0.250474566337631,-0.16067569602445,-0.232995258718589,0.959112365743304
0.972880916478832,-0.177507565330454,0.14830302290163,0.135018795404282,0.956394499288001,0.258997078399024,-0.187810136145213,-0.231949619491191,0.95442481462869
0.958211703416869,-0.23044984006888,0.169479210073595,0.18252530811709,0.948729205340826,0.258064733797796,-0.220260852926032,-0.216346403126083,0.951146355995072
0.944170292974655,-0.270012084955832,0.188774817817312,0.220630625377791,0.943731937236811,0.246357784095939,-0.244672403449101,-0.190954195075838,0.950616594833785
0.930460810152137,-0.299778114709591,0.21065555466731,0.253414782886037,0.941794848075226,0.2209149428033,-0.264619781168852,-0.152169465005718,0.952271403190301
0.918315673048651,-0.318511614252078,0.235046115091779,0.279453524235091,0.942180370709934,0.184937494417653,-0.280360575733804,-0.104146534437914,0.954228194374272
0.911281196098007,-0.327292086871113,0.249892920087262,0.293822866636364,0.941986001196794,0.162266745178624,-0.288504254179685,-0.0744463795011364,0.954580029070061
0.908869783903787,-0.332180147452544,0.252214324623105,0.299462515984803,0.94064031681367,0.159743531652244,-0.290306592117255,-0.0696573328737606,0.954395064189972
0.917285562685734,-0.31910373033476,0.238243584960347,0.283689612233208,0.943469465378308,0.171422203374422,-0.279477012291332,-0.0896558820446852,0.955957332947189
0.925320222567213,-0.30566082678845,0.224396846402005,0.267984206053392,0.945826291544475,0.183295094121909,-0.268266567082253,-0.109471846564437,0.957104468590382
0.938898761649396,-0.274903046416816,0.207116948712518,0.236602561199796,0.95250968513104,0.191688621898287,-0.249976685726743,-0.130971809189313,0.959352928692435
0.960851894009955,-0.218047891891594,0.170934942651042,0.176559960128572,0.957343668752874,0.228734956616134,-0.213518660207674,-0.18960014963185,0.958364004438137
0.97394712646344,-0.174325068795755,0.145044011399865,0.133869312564801,0.958223948398436,0.252756546639528,-0.183046447676639,-0.22675457019665,0.956596238173608
0.983461524818405,-0.129124086648352,0.127005509522566,0.0954389446171973,0.965440987085616,0.242518263859669,-0.153931273795202,-0.226386109782339,0.961797531835784
0.98878787237032,-0.0903844937965792,0.11886625565951,0.0651112160409446,0.977318961223769,0.201514708093882,-0.134384050389342,-0.191515773015252,0.972246180597963
0.99060028402165,-0.074314705043225,0.114840767633119,0.0532150689083931,0.982781454778481,0.176942839879347,-0.126012831637498,-0.169168368076989,0.977498250384557
0.989675009920876,-0.0888003242865383,0.112507231521886,0.0652959486520205,0.978101163774193,0.197622247009802,-0.127592373705274,-0.188235532857578,0.973800580376742
0.985675532441161,-0.120717585780028,0.117775248801586,0.0897892652812956,0.966749431468414,0.239443990519169,-0.142764255284995,-0.225439129786602,0.963740403933539
0.979658931147851,-0.153235500320969,0.129565659276025,0.11513960001416,0.958042862689981,0.262481896056406,-0.164350999786518,-0.242224595551668,0.956198721071621
0.969955502313611,-0.193351221347703,0.147653746091664,0.148915027469017,0.951802352784641,0.26813540577015,-0.192381491119732,-0.238091550536707,0.951998831636666
0.960173224846197,-0.227066431104976,0.162813433578755,0.178882054234767,0.947207888216895,0.266079738372616,-0.21463594517509,-0.226358239003884,0.950101762272788
0.947806471143089,-0.261874172990712,0.181892305443949,0.215089303325924,0.946251137010284,0.241547877865886,-0.235370951593549,-0.189817552473883,0.953189284412479
0.935327396094799,-0.289647314669076,0.203143041277609,0.248117017671033,0.946365372112136,0.206955376854746,-0.25219160901298,-0.143167788178943,0.957027887144045
0.92159102595256,-0.316076147502545,0.225312782290877,0.281480961859211,0.943883804023726,0.172776828922496,-0.267279720507412,-0.0958083163491023,0.958844261350002
0.915448700894618,-0.327592709864958,0.233744930370028,0.294594082007144,0.941210090535879,0.165341744032808,-0.274167837057383,-0.0825020115923028,0.958136428284877
0.913386974044661,-0.334558511066291,0.231937143033721,0.299795685023401,0.938234247581543,0.172739815637409,-0.275402946401973,-0.0882445428239205,0.957270138349103
0.916563934748895,-0.332462539549799,0.222214340927229,0.29475766806465,0.937212736620462,0.186414064473349,-0.27023780385933,-0.105361027483994,0.957011276450181
0.923170068628577,-0.321511565825904,0.210683025961948,0.282047732392656,0.938954702068401,0.197010517779636,-0.261162977928473,-0.122451543492988,0.957496484826821
0.934483734896853,-0.299250581664329,0.192845115537804,0.257065421805327,0.941945746690572,0.215999025932039,-0.246287470499977,-0.152273765518232,0.957159956438642
0.947680587946055,-0.26989482342412,0.170464915801121,0.224711025211389,0.943310463398146,0.244275100638649,-0.226729923871259,-0.193189425001574,0.954605357039702
0.965037167818523,-0.222644601641191,0.138320808589447,0.179502718505106,0.945918095985455,0.270217930079645,-0.191002719294987,-0.235941384770214,0.952811431593175
0.976783168080077,-0.180601300942768,0.115229391446922,0.144802444614,0.952988422231243,0.266167840144176,-0.157882534148833,-0.243302768564162,0.95701456008765
0.985497880527148,-0.137677542406809,0.0991908352284598,0.110249738141535,0.963870097157775,0.242485939890924,-0.128991948261204,-0.228033616210162,0.965070850850806
0.990777278421231,-0.101840655776865,0.0893804530932582,0.0791311852973088,0.970336174317814,0.228442474867769,-0.109993818361128,-0.219262832329619,0.969445805747353
0.992663899406153,-0.088879127527513,0.0819687959269844,0.0670795277925691,0.968891366821702,0.238222283276567,-0.100591847417658,-0.230976232518247,0.967745452195349
0.992674292336943,-0.0919419941321363,0.0783863447824716,0.0694052822375057,0.964991416652666,0.252931754796058,-0.0988971998131514,-0.245638424318525,0.96430343168913
0.989131816680852,-0.115546380328122,0.090924601856193,0.0882936660787546,0.961273670042285,0.261069262483749,-0.117569034018366,-0.250203847445447,0.961028385097696
0.984090126827124,-0.142243583447008,0.106458373318066,0.110140168454507,0.958578141005572,0.262672973255939,-0.139412214580313,-0.246768536394851,0.958994016598309
0.977380893427055,-0.172587490225743,0.122229895611962,0.135579877615151,0.954897502064298,0.264175807630497,-0.162310461614748,-0.241628472595727,0.95669796450158
0.967482069981954,-0.210363736930694,0.140447650204577,0.166907372066,0.948164592497495,0.270417888986807,-0.190053606683628,-0.238182710788616,0.952443501142159
0.959725758725768,-0.235722546860376,0.152844198253994,0.188104189616156,0.943266116142989,0.273616242181217,-0.208670270731356,-0.233845921576963,0.949617187647067
0.949993235495126,-0.263282281445005,0.16791454014056,0.213271078661049,0.939808583254931,0.266974294356428,-0.228097127382733,-0.21781245859104,0.948962292908561
0.942678437223561,-0.280012793099233,0.181521898663799,0.230697650295208,0.939882954620116,0.251790837328982,-0.241113994081668,-0.195481117541634,0.950605688254947
0.937328267543713,-0.289545864695692,0.193852807823682,0.241291416491563,0.940718132963845,0.238385919551705,-0.25138450865357,-0.176670842389572,0.951626629649657
0.935692336792904,-0.292754170298635,0.196913297265045,0.24372666314783,0.939883392910854,0.23919975209269,-0.255102262902269,-0.175824354124047,0.9507936852751
0.937631128551684,-0.290720982767484,0.190602143087648,0.239905702546167,0.937936204982592,0.250441468748052,-0.251581240669343,-0.189095175934131,0.949183804003058
0.943623014186304,-0.280006787759808,0.176555390476725,0.227312934286851,0.935846439832403,0.26929587995162,-0.240633407913067,-0.213980466074476,0.946735402916092
0.952904357563862,-0.257767488762962,0.159778618947091,0.205746057218139,0.936536504579688,0.283844914572817,-0.222804500122851,-0.237603235092656,0.945464360723615
0.96140390681018,-0.232838276866982,0.146590807337082,0.184800674705283,0.941173054931446,0.282916933567931,-0.203841209274756,-0.24490736513348,0.9478761226578
0.971865699784732,-0.196165412822671,0.130369445784063,0.156065644468198,0.950877063631615,0.267350564757292,-0.176410249698419,-0.239482652130438,0.954739484430133
0.978391419103836,-0.169055330565354,0.119040019453209,0.134758539994339,0.958039546417069,0.252982931043917,-0.156813159277452,-0.231474669690694,0.96011932090184
0.981612852287537,-0.151157673657111,0.116565715021591,0.117948182167509,0.960453983371588,0.252222862066524,-0.150081426390158,-0.233836488855394,0.960622746936839
0.982755200159732,-0.143322214917876,0.116837319680135,0.107770599411549,0.957393256388409,0.267924710552187,-0.150258824903828,-0.250712774570887,0.956329122324261
0.983819160427181,-0.135481246800546,0.117237755615353,0.0975829791178384,0.953980355331229,0.283547251491861,-0.150257850919155,-0.267518809446123,0.951764815923392
0.981548290979199,-0.148582570322999,0.120358515577519,0.105744415418883,0.946223092585161,0.30574495525894,-0.159314378144382,-0.287376197439496,0.94447543645226
0.977903335304776,-0.164797855170872,0.128634107960811,0.118198441818944,0.943359523246329,0.31000312619719,-0.17243606105269,-0.287948739937403,0.941993273870412
0.972591148849849,-0.184485739066157,0.141532573141816,0.135475536060639,0.944298346145868,0.299911674656491,-0.188978401697157,-0.272517238991211,0.943409517730555
0.967202218134558,-0.204285792306964,0.150954245707452,0.15271298805588,0.942558447266699,0.297089745304737,-0.202974413448183,-0.264293186722067,0.942841714678377
0.960415349098698,-0.229166460413405,0.158382734656325,0.173725369354685,0.937167315615686,0.302550687628152,-0.217765592457125,-0.263059225200868,0.939881902569955
0.955146999423483,-0.247411472706095,0.162732211518547,0.189622743001454,0.933076605211715,0.305632563944332,-0.227458622234728,-0.261066298054696,0.93814016180478
0.949278170690695,-0.265437250388634,0.16856458927144,0.206561509746066,0.93060787116166,0.30216110408752,-0.237072346218519,-0.252015984092448,0.938234856749825
0.944996291712105,-0.276766954225842,0.174304508544446,0.218854265369198,0.931079961417119,0.29187825540318,-0.243073690843083,-0.237676583819371,0.940438739272196
0.943063118650947,-0.281124594812088,0.177766465994261,0.226053513825094,0.933766234846008,0.277453469159854,-0.243991317730114,-0.221471399628145,0.944149700004759
0.943731030766418,-0.279119943130682,0.177380379172213,0.227156356088723,0.936904754306275,0.265724427267782,-0.240357507594513,-0.210479307070844,0.947589958704678
0.946657577195035,-0.271531476844008,0.173522588218761,0.221820911239898,0.939699274294185,0.260308964939135,-0.233741127908477,-0.207932515432038,0.94980479791912
0.951183175725488,-0.259623272585615,0.166872174279327,0.210916644245785,0.941555940807114,0.262652964024638,-0.225310309122488,-0.214634961417674,0.950351039321978
0.958663906243841,-0.238808899462512,0.154705605595932,0.192163866813221,0.944355146861435,0.266957683702318,-0.209848905540845,-0.226193868470877,0.951209635521787
0.96671591436218,-0.213515503354246,0.14096620426995,0.171123803312817,0.949179093928232,0.264150887920781,-0.19020248383933,-0.231236194132675,0.954124120680526
0.972797670220695,-0.191264491791845,0.130700371050715,0.152155474647329,0.952975784864712,0.262079882853173,-0.174680864286942,-0.235063922457476,0.9561545628249
0.978614030077141,-0.167330054180161,0.119646283286362,0.131759257181625,0.95655295926547,0.260088320128794,-0.157968599041462,-0.23876157372688,0.958143430091938
0.980519831585356,-0.156861712027331,0.118217017250811,0.122936459742628,0.959495262076598,0.253486624732961,-0.153191013880622,-0.234015481010156,0.960088156324103
0.981278610622054,-0.152349846549096,0.117821104188159,0.119356294671888,0.961174477014054,0.248792483123902,-0.151150134825767,-0.230072051742985,0.961363868547663
0.979946305327028,-0.160501902269139,0.118086316073855,0.125354599069783,0.957223255303065,0.260787008877086,-0.154891778890813,-0.240754603019322,0.958147044016236
0.976580802182636,-0.177977347027014,0.120888381383591,0.137843625774202,0.948986800692237,0.283589821653271,-0.16519404239179,-0.260284682717094,0.951295333900637
0.973777903202229,-0.191532212820627,0.122768101260485,0.147331349085912,0.942112624559046,0.301193087940262,-0.173349556710122,-0.275207583650051,0.945627155431731
0.967522416238983,-0.217009619886296,0.129642581553612,0.167367996757416,0.934276747035153,0.314825211205871,-0.189442148785557,-0.282902429869765,0.940254161084808
0.960731721895515,-0.241870117870521,0.135990457845313,0.186653410630416,0.925964548840842,0.328253192810075,-0.205316981381743,-0.289980172376105,0.934749397852182
0.950636166712726,-0.273987729510927,0.145676362582206,0.212826739230657,0.917328522944615,0.33647163336706,-0.225822181386552,-0.288858278520279,0.930357585729338
0.941179232576694,-0.300183407850994,0.155150165379575,0.2343092410803,0.91060139117648,0.340447185231178,-0.243476552691876,-0.284068703025205,0.927374865009215
0.929922946365148,-0.326889103399577,0.168483909920745,0.2563452974183,0.904674316919135,0.340369606161331,-0.26368618150196,-0.27332744901586,0.925073890724087
0.921709670915888,-0.343375156939274,0.180401729861589,0.270877724798666,0.902717532542678,0.334254864808214,-0.277626621108321,-0.259219131309764,0.925056161114011
0.913836813470861,-0.357502289004982,0.192599043875149,0.28587854955435,0.903214455485767,0.320120449684569,-0.288402034060309,-0.237477916358024,0.927592855725037
0.913227034685836,-0.355521912410268,0.199049121864582,0.287409231480563,0.908353423371344,0.303792679156873,-0.288811905534843,-0.220223132403717,0.931713182892477
0.91696099417511,-0.347571761372057,0.195898968496824,0.282963341056985,0.912689257466178,0.294839052575645,-0.281272612920742,-0.214923684135934,0.93525051575403
0.923353269293145,-0.335457907097757,0.186779904302505,0.27290582528094,0.915598218572348,0.295300377031375,-0.270076194088611,-0.221693244625849,0.936969025461289
0.932317928929365,-0.318098159062119,0.172037323270709,0.257221180121487,0.917675412174534,0.302835107586964,-0.254205711764643,-0.238086956995947,0.937386823576395
0.944943736281345,-0.288843233458355,0.153788561824258,0.231318093775369,0.922026689243675,0.310417015987328,-0.23145901312064,-0.25775253792673,0.938078010848539
0.956602439371606,-0.255672222267528,0.139798024839681,0.202615816103728,0.928401620311618,0.311475942036272,-0.209424459060808,-0.269633355064887,0.939914490676435
0.966069834155255,-0.224749475267793,0.127266448453978,0.176247984953503,0.933840156106597,0.311254254015326,-0.188800750356207,-0.278262890464502,0.941766446872724
0.972534106627329,-0.201251402511425,0.116941371779912,0.157062116283686,0.938198633545945,0.308406899470508,-0.171781556271541,-0.281569169121385,0.944039141098092
0.977211848525657,-0.182243677207388,0.108831269490885,0.143212397413187,0.944492176174286,0.295676746418665,-0.15667550008931,-0.273352832916526,0.949068499323561
0.978881228985362,-0.175136193410347,0.105445973360009,0.139157217200497,0.948706832659236,0.283884861460935,-0.149755829406135,-0.263215993859444,0.953042775606357
0.977119421344534,-0.182923515704669,0.108520154043234,0.145323630135173,0.946739518018815,0.287341830483897,-0.155301896175347,-0.264996740402114,0.95166067934984
0.973991775687457,-0.196288030200555,0.11318582107835,0.154901179252163,0.941399217457799,0.29962165815597,-0.165365188475336,-0.274296413702093,0.947320342793656
0.966637805865493,-0.22522747559607,0.121999739787288,0.176869386268014,0.931407583746177,0.318114968433245,-0.185279714142483,-0.285923935998249,0.940169628498258
0.957473326797945,-0.25573242070839,0.133588013942507,0.201041716155604,0.923445992257719,0.326848172319144,-0.206946990400164,-0.286091643327419,0.935587791061071
0.945301350165002,-0.289636911570919,0.150052713510561,0.228696487367414,0.916478200373733,0.328276750479727,-0.23260110498884,-0.276003926956453,0.932587024498299
0.931645586849839,-0.32303844811164,0.166381073277104,0.256055066276443,0.90852447693753,0.330180371675169,-0.257822232434257,-0.265008369390497,0.929138450724976
0.921723689306764,-0.343826105622655,0.179468798578158,0.275421748479773,0.906047133246487,0.321280956174137,-0.273071970431007,-0.24670265792687,0.929822293525353
0.914436329095106,-0.357042527276752,0.190595996146028,0.287933338790898,0.904846070491657,0.313604816813347,-0.284430294525377,-0.231892695942838,0.930228566065659
0.911321525921543,-0.362269761828497,0.195585521081584,0.292680203487234,0.904201092866834,0.311060576327336,-0.289536482811236,-0.226232188963349,0.930047107300568
0.912644912596493,-0.359610819078092,0.19431758107213,0.290961986098498,0.905434834991477,0.309077469624645,-0.287089508964289,-0.225538950928527,0.930973573984088
0.917817549880382,-0.349014159229288,0.189209042566801,0.282986537145843,0.909410607866133,0.304780193081431,-0.278441313252499,-0.226188998313411,0.933439324282089
0.927561361735887,-0.327536977378265,0.179859524809159,0.265326134253483,0.916232589720475,0.30019974020011,-0.263119673716674,-0.230732247386492,0.93676606862077
0.938201401318349,-0.302952678273016,0.167325447232309,0.242814246265735,0.92070522956161,0.305521066488557,-0.246615839667058,-0.246011290361052,0.937368162804885
0.949931281712653,-0.272840363164761,0.152278351225236,0.215114513385321,0.924531270304676,0.314591284621519,-0.226619297842773,-0.266082818793215,0.936933096538012
0.96189293942091,-0.236524054062761,0.137179972816436,0.184063378968653,0.931134547132055,0.314816021923638,-0.202194573653309,-0.277569499381506,0.939187163135368
0.974092847296194,-0.191319148097654,0.120582371918876,0.147186227183457,0.941152088485116,0.304251476360598,-0.171695484430702,-0.278621122514595,0.944929061207674
0.980447949174246,-0.160666060792041,0.11361441752517,0.121135170902035,0.947798386278248,0.294965234119012,-0.155074463824802,-0.275435356985841,0.94872929478937
0.98387886928436,-0.138761635461747,0.112816572806083,0.100629423091148,0.951054525781323,0.292179753232843,-0.147838052557762,-0.276116818601918,0.949685954777203
0.984886848793869,-0.133324237370448,0.110555609547736,0.0948591193658283,0.949292505265875,0.29974236757452,-0.144912534123251,-0.284725108087833,0.947592723842027
0.980797254974597,-0.155100480607724,0.118239526172714,0.1115891017117,0.943503736631608,0.312007325781573,-0.159951920943359,-0.292821686146103,0.942693398252627
0.97570042517316,-0.179021167128204,0.126333297419844,0.129686947708268,0.936578067290187,0.325580741852296,-0.176606839932738,-0.301285488517178,0.937036327202922
0.967741161839777,-0.209472572301648,0.139993875345779,0.154284000618891,0.931990228666194,0.328010153537607,-0.199182054497961,-0.29583011192924,0.934243573187372
0.95922013569016,-0.239465288613602,0.150176918452054,0.178987150980626,0.925789390185622,0.332982889655868,-0.218770041528516,-0.292524153821421,0.930897034242067
0.948130573880162,-0.273668867025424,0.161721260490686,0.207713545746664,0.918484963081335,0.336512192211258,-0.240631456353951,-0.285465801479793,0.92768840587693
0.937852769754012,-0.300178755931063,0.174140451223738,0.230360167809248,0.913792356744246,0.334541061519646,-0.25955033298307,-0.27363523757637,0.92615192134169
0.931084615003865,-0.31462617123462,0.184639681751644,0.242166883570125,0.911596885616006,0.33218416373622,-0.27283079042703,-0.264577947889545,0.924965874659991
0.924570618258896,-0.327177537208022,0.195253760524238,0.251155523862659,0.908712889479312,0.333409338992527,-0.286513655321411,-0.259221418174992,0.922341683799292
0.923758948859209,-0.329692583646736,0.194864580390763,0.252925744987788,0.907264048538021,0.336006716826869,-0.287572550715294,-0.261102942378558,0.921481026151034
0.9275090056625,-0.323308655912115,0.187612785884284,0.248936245736006,0.908663858442171,0.335202532687102,-0.278850838216102,-0.26419974521806,0.923277154841867
0.932125047625148,-0.312803848663085,0.182473690847138,0.24081082405728,0.911731398157085,0.332800247342725,-0.270468191487776,-0.266269806542327,0.925174225493364
0.943214327860283,-0.284216636574212,0.17195242136567,0.215881981071356,0.917889173291707,0.332978131117606,-0.252471190371854,-0.27694831475983,0.927123470193648
0.952999543364226,-0.256954454981861,0.160518779002805,0.192015893531703,0.922070495119125,0.336029609799484,-0.234353935274827,-0.289413907916927,0.928072100068447
0.963832679709393,-0.22356832643815,0.145064706037874,0.164040662963328,0.92665923700884,0.338220814499559,-0.210041011278182,-0.302191763421572,0.92981875207021
0.97141499091272,-0.197378132819632,0.131889302502798,0.143033161327404,0.930069613699229,0.338396259485908,-0.189458254480315,-0.309858655451162,0.931715183653928
0.977564234354504,-0.172528691484348,0.120838811338042,0.124406841680242,0.935842803117764,0.329728957775675,-0.169973837557546,-0.307298061281527,0.936310202912784
0.981183306889363,-0.153650997441859,0.116921722818197,0.110906560192004,0.944208555656519,0.310112783244106,-0.158047629491969,-0.291310100082629,0.943482576628642
0.981993044984944,-0.146583336877448,0.119176276796475,0.105989121873506,0.949679709172062,0.294745239200482,-0.156384032579034,-0.276806386011486,0.94811510852722
0.979791924564569,-0.156854350049595,0.124114855793237,0.113264160962051,0.946531007228264,0.302076616435316,-0.164860590802105,-0.281914464378765,0.945169413583839
0.974798638666313,-0.178917487606176,0.133252192038242,0.128013071599208,0.937800689191435,0.322711203480458,-0.182702675278822,-0.297520419434976,0.937070612315422
0.966180360766634,-0.211502527982003,0.147520138035719,0.151145822829148,0.927995166085446,0.340558235788456,-0.208926902791754,-0.306743626468862,0.928578427980415
0.958770275500751,-0.236677487088516,0.15730011418203,0.170238027160397,0.921547792931122,0.348953692418225,-0.227549056084067,-0.307787966706373,0.923844139790912
0.949705224402039,-0.26443197752395,0.167737044227699,0.192929924391248,0.916009890754623,0.351715686761466,-0.246653666135047,-0.301664729961055,0.920956220283933
0.942006063330705,-0.28439754008753,0.178164575155526,0.210502715396347,0.914197135905192,0.346312291889139,-0.261367908242292,-0.288724151907848,0.921045699542724
0.936945848731933,-0.295290717359906,0.186911392871246,0.220318483512294,0.914260861348245,0.339980651257697,-0.271278901440639,-0.277363425216515,0.921670921742313
0.933849868355186,-0.301176037183599,0.192918163995475,0.225023324536901,0.913988796321675,0.337622546067077,-0.278008860987131,-0.271877683572666,0.921299950281016
0.93513535534435,-0.298558262173417,0.190748083274735,0.222383175482286,0.913758597739315,0.339986688445143,-0.275803535958861,-0.275514408235703,0.920882305404508
0.940019793650781,-0.287442350368606,0.183683648589943,0.213182769893731,0.915389981972296,0.341488341711976,-0.266300383336522,-0.281847611519649,0.921762458399936
0.948410674599844,-0.264186958867159,0.175278187660616,0.19310069204517,0.919816209841572,0.341541011950778,-0.251454399517576,-0.290074802210063,0.923378196670276
0.955184398833117,-0.242706605547741,0.169458749698295,0.173859907615603,0.923318332119048,0.342426620017768,-0.239573572728107,-0.297618482618928,0.924136214014958
0.966178241079057,-0.204290256600072,0.157369302990308,0.142245608878669,0.931221726494822,0.335547735588751,-0.21509484703292,-0.301813828646533,0.928785561697429
0.974347539112585,-0.168422541668203,0.149267278675777,0.117699465029865,0.946686466042815,0.299885929885096,-0.191816863067179,-0.27462443895143,0.942224871553326
0.978685809316088,-0.143739730667881,0.146673025709698,0.100199567201648,0.95765627119944,0.269915751605916,-0.179259960325542,-0.249466142111329,0.951647261628056
0.980976614535824,-0.12826479269474,0.145715560901395,0.0893714057036959,0.964744979309635,0.247547726185065,-0.172330013568089,-0.229815725858407,0.957855468519024
0.980581427199376,-0.132626824395251,0.144465186403038,0.0931295615589855,0.963199793920903,0.252136950395138,-0.172588960815761,-0.233786831197911,0.956847306607997
0.980169165640821,-0.1369812706972,0.143194057855614,0.0968847847642622,0.96161848016126,0.256716257945481,-0.172863371505241,-0.237752034881994,0.955820184292692
0.97499439174781,-0.165974631650126,0.147778069106757,0.118123772058155,0.950319572060198,0.28799216210528,-0.188235784416963,-0.263334639969614,0.94616180268335
0.967022792404667,-0.200572802473262,0.156963275570755,0.145292544338978,0.940611487102383,0.306822598402641,-0.209181728478815,-0.273898852204724,0.938734479622195
0.958846742280375,-0.230397973878938,0.165920759553443,0.170886707543372,0.93499156727642,0.310786908197511,-0.226739184975374,-0.269643362155391,0.935885569523455
0.946758257280012,-0.268150184431577,0.178169247799461,0.20457045892399,0.928395426177478,0.310214216289916,-0.248595514053939,-0.257249706009649,0.933821642044245
0.938289822934068,-0.29067826017517,0.187398925396839,0.225145820829122,0.924688709654102,0.307018158422937,-0.262529174648333,-0.245879928623236,0.933071001134801
0.926044495152715,-0.317751564055976,0.203655435815827,0.251299066341909,0.921722945001913,0.295424426736661,-0.281585461721726,-0.222397743237161,0.93340713065092
0.916213619248349,-0.337513850504659,0.215956024739668,0.270830165289352,0.918842051239043,0.28701969696202,-0.295302599841558,-0.204483949473662,0.933264533202925
0.913330125825873,-0.342876736451783,0.219689837860263,0.27567240268844,0.917668336018979,0.286163504773304,-0.299721216557781,-0.200799324372203,0.93265579056627
0.910765165090412,-0.347555231020196,0.222962273598768,0.279911848900904,0.916613296307495,0.285428488201835,-0.303572348712315,-0.197548541940471,0.932104287445609
0.917693484000166,-0.335109225055615,0.213402147848287,0.268283074469797,0.918889615029874,0.28925087267506,-0.29302365327166,-0.208191456772068,0.933163145409449
0.923512664616915,-0.32413011331249,0.205095167998169,0.258149498542413,0.920708315532768,0.292668813014154,-0.283695602176814,-0.217338140584773,0.933959816026735
0.935448383280244,-0.296489220658698,0.192433012374633,0.234017191945021,0.927515333407477,0.291463994634302,-0.264900502250458,-0.227616889371627,0.937026293964178
0.948603138009196,-0.26237435652801,0.176951359405962,0.20484603954192,0.93527055398056,0.28862967785882,-0.241226421942322,-0.237547232973591,0.940946930205683
0.96144237408404,-0.223716727739438,0.159935571544303,0.173692275741601,0.944879241851667,0.277550376806667,-0.213212463667929,-0.239069119811359,0.947304809071123
0.972043815080588,-0.185508580567351,0.143935360837642,0.144371947145418,0.955651897060635,0.256683058501821,-0.185169010476959,-0.228726951145456,0.955717750896514
0.980908652643263,-0.147249051991726,0.127027287844453,0.114261257081997,0.964953848869083,0.236238088975476,-0.157361304962882,-0.21721368796713,0.963356441541811
0.984291593965972,-0.127766232598186,0.12184353842364,0.100448946090591,0.972818735436005,0.208647351322709,-0.145189762990426,-0.193130778987605,0.970371287152721
0.98530133383483,-0.123435885066268,0.118088372929817,0.0997963286482311,0.976980712716884,0.188545431574311,-0.138643334970126,-0.173989279144194,0.974938847523909
0.983993779077862,-0.13396044544932,0.117519537912161,0.110590472774135,0.976162833006985,0.186750825399435,-0.139735428820543,-0.170765109172797,0.97535290404117
0.979540195569827,-0.159621780551199,0.122563830050673,0.131827075345073,0.969090966139881,0.208528946556673,-0.152061262223453,-0.188105253833424,0.970306026989051
0.972627384302345,-0.191518878240099,0.131592137237882,0.15583358564719,0.957679660843682,0.242003224752624,-0.172371299494779,-0.214872488895122,0.961310537041231
0.964924913464375,-0.222729517098466,0.138965728108962,0.179737120179899,0.946309643083349,0.268686856836914,-0.1913491024416,-0.234285342308367,0.953150512445043
0.95465200810145,-0.259120509822265,0.146615499921802,0.209215095848316,0.934232230838391,0.288858412603653,-0.21182206470774,-0.245085087780087,0.946078597501698
0.946320164346047,-0.284137869831966,0.15409029002317,0.230091117006346,0.926979392309445,0.296255437263831,-0.227015912276747,-0.244897687128657,0.942596890729114
0.935001140588943,-0.312426846827726,0.16781636534814,0.254107282170306,0.920277635627811,0.297520692576678,-0.247391099769972,-0.235538826405693,0.939850575894932
0.929995997105428,-0.323525833362229,0.174466273288437,0.264172128920354,0.91833128708002,0.294755379037672,-0.255578816942187,-0.228032195790922,0.939510929161127
0.926826431477386,-0.331689073979737,0.175997511679454,0.272378853073256,0.916521199015785,0.29291406957189,-0.258461846920184,-0.223542501455838,0.939801161804707
0.929027935018869,-0.329391766766091,0.168547203896387,0.27058542410807,0.915505721300305,0.297712617345424,-0.252370014492278,-0.23097692147295,0.939659000665693
0.935196004191862,-0.317891632194405,0.156055579600191,0.260542355849552,0.91609631055351,0.304770783702461,-0.239846022589368,-0.244361330760464,0.939553843841341
0.944081165493508,-0.296561698151683,0.144089944651979,0.241650629238885,0.919669760279503,0.30953595173403,-0.224311672342014,-0.25740763628306,0.939907220120316
0.956265053455518,-0.259753572014838,0.134481334635138,0.21125906609366,0.931323588061059,0.296658020815734,-0.202303619673375,-0.255273296971319,0.945467497759942
0.966943910761423,-0.222625994339559,0.124326747265938,0.180289451018675,0.941700974828191,0.284068632303919,-0.18031968082489,-0.252263633233088,0.950709141670182
0.974274821903766,-0.193309188964331,0.115845279862144,0.158524254302691,0.953212992213029,0.257400567742302,-0.160183120840372,-0.232414605690427,0.959335613255134
0.980686999118212,-0.164034609440752,0.106515992536967,0.136086034382403,0.963445111035564,0.230768518796957,-0.140476336108921,-0.211816347167283,0.967160914256839
0.981695050622517,-0.157988117360124,0.106370025647533,0.131311030852964,0.965969210424296,0.222847251920669,-0.137957387477382,-0.204800486535717,0.969032775480351
0.980103157281914,-0.1648401835349,0.110569050724894,0.13515504362479,0.962199512687118,0.236442830230595,-0.145364766256492,-0.216794399551404,0.965333762516542
0.976891021674889,-0.180385853034294,0.114651104643962,0.145447086083993,0.954092094919127,0.261827079505742,-0.156617613698671,-0.239100854113743,0.958280598072097
0.97140468398572,-0.205097692839988,0.119615535455548,0.16238166738518,0.941436710107169,0.295514999551289,-0.173219900784557,-0.267641284659718,0.947820135214423
0.964874203581974,-0.231159757016626,0.124831638610032,0.180766657146725,0.928968293955544,0.323019077593451,-0.190633645839473,-0.289107377217082,0.938123519326007
0.956797865481043,-0.259154178088409,0.131821684825534,0.200388853091151,0.916264446575221,0.346848340775932,-0.210670719768396,-0.305448155865323,0.928611475220257
0.945621761297208,-0.292681053516533,0.141905903589737,0.223620340592064,0.901795354758364,0.36980952044225,-0.236206324713494,-0.317966883572316,0.918206748568456
0.934402102485332,-0.321580192566721,0.15322823049211,0.243582031452472,0.890677619069119,0.383876507281771,-0.259924036642399,-0.321371371839678,0.910582196475094
0.926398913624719,-0.339117954923916,0.163658380424474,0.255074099423148,0.884896358966146,0.389737908974645,-0.276987827599718,-0.319307761472658,0.906267232567145
0.920703486950452,-0.349978818682763,0.172684439341528,0.262046511772096,0.882299801039544,0.390997041873284,-0.289200129296922,-0.314740984873278,0.904047231982735
0.918989388609826,-0.352471070193048,0.17669931606972,0.26462999415424,0.883608411637512,0.386273401980204,-0.292283201392871,-0.308221218543438,0.905301171225982
0.921914443324856,-0.345082727983502,0.176044511520488,0.260917275354462,0.889013520012853,0.376267373892504,-0.286349322699786,-0.300953272256381,0.90963244956826
0.928116018027625,-0.32964850250664,0.173010178532003,0.250259309392294,0.896488129262017,0.365621815753356,-0.275628255342295,-0.296042055943779,0.914542599319215
0.940433409136869,-0.29886060861504,0.162072019785821,0.224254872482205,0.903601133003917,0.364985951239261,-0.255528384230006,-0.306899542280999,0.916797641685731
0.951835136448169,-0.267791785203689,0.149323249362305,0.197750832765164,0.908355778145349,0.368489332885828,-0.2343170526517,-0.321212297534483,0.917560994566161
0.963636062318673,-0.22980800867648,0.136359152780861,0.167277562206819,0.916719531087256,0.362827119307951,-0.20838367637871,-0.326823469890573,0.921825722654549
0.971779609332268,-0.19796185264744,0.128278976385138,0.143621037077488,0.927926388295561,0.343984906083891,-0.187129336542435,-0.31585395802673,0.930171429685969
0.976417001891043,-0.176846874361514,0.123834653658297,0.12906842181545,0.937964828585008,0.321812558529909,-0.173064094797784,-0.298240110256922,0.938670152783056
0.976963759519004,-0.176323715920896,0.120215472341716,0.130812129807937,0.939877217488624,0.315466325843115,-0.168611978464182,-0.292473525724451,0.941291260699209
0.97413265286379,-0.191209029659057,0.120435383510816,0.143706525173116,0.935476933083089,0.322848791684476,-0.174396127385971,-0.297190199445238,0.938756611751139
0.966558105065795,-0.222530507740009,0.127458238872952,0.16827789385358,0.92540601395605,0.339567754320369,-0.193514805562322,-0.306763561165518,0.931905648426508
0.960224375555987,-0.24529159761165,0.133421065537796,0.185294110542694,0.917204271541718,0.352707267948676,-0.208890500469284,-0.313955978453592,0.926172987301478
0.947909620707598,-0.285478619577596,0.141312804565084,0.216288061775013,0.902512642179398,0.372411607015638,-0.233852144107313,-0.322448272549929,0.91724603363873
0.931621784204516,-0.330001049208141,0.15225031598365,0.251598713514197,0.887935785812854,0.385056005836698,-0.262257389893204,-0.320420579542634,0.910248160477114
