1,0,0,0,1,0,0,0,1
0.968679624086846,0.229874180112011,-0.0939023279626131,-0.233037449376742,0.972169366805586,-0.0240887823023183,0.0857515776353419,0.0452170715842652,0.995289949396855
0.960617001522133,0.275305098546003,-0.0377104640809586,-0.243310889581544,0.898894743819122,0.364400947508912,0.134219176713551,-0.340874378985764,0.930478301925094
0.99372703084339,0.0903218247717223,0.0659435830167472,-0.109918765929775,0.680217354187754,0.724722164666079,0.0206022587998406,-0.727424442146205,0.685878435220576
0.996776967891466,0.0408251855787909,0.06905780552227,-0.0779981370332967,0.694504123547332,0.715248427467748,-0.018760780912037,-0.718329538998786,0.695450002876814
0.995296740542476,0.010616520591829,0.0962896035719708,-0.0565985433727403,0.870410644281373,0.489062281524316,-0.0786193561001873,-0.49221194602753,0.866917756787911
0.993128313178062,-0.00372365653721695,0.116971312491955,-0.0350979144601336,0.94400972156456,0.328045396236787,-0.111643584520773,-0.329896620130601,0.937392089822481
0.987741717684472,-0.0329790429911352,0.152573529385402,0.000669440852538594,0.978313141420475,0.20713027102031,-0.156095646943386,-0.204489070728465,0.966342780258607
0.979858353373682,-0.0572721816962797,0.191304742564228,0.0417359041557954,0.995567720620034,0.084279463475554,-0.195283695243908,-0.0745976599041637,0.977905653684806
0.974445249665044,-0.0970770839324401,0.202564792548965,0.0879972544232732,0.994689393727033,0.0533806446281055,-0.206671088009902,-0.0341913699947861,0.977812871462982
0.967065799860281,-0.136205555807594,0.215015779206408,0.134419563791371,0.990658067060493,0.0229777074162346,-0.216136807625938,0.00668137224775087,0.976340227407513
0.987578437198603,-0.0876967843393319,0.13037677859537,0.0949889708884354,0.99418153604486,-0.0507953619638529,-0.125163596104944,0.062548760211723,0.990162474953507
0.994257998731423,-0.0448888887008473,0.0971391765962072,0.0593931618863024,0.986594632770814,-0.151998299033148,-0.0890139555335772,0.156894927448359,0.983595698171378
0.994187449214925,0.00638368573534155,0.107473552002125,0.0162464798567627,0.977914176778216,-0.208374458003968,-0.106430107186758,0.208909337782244,0.972126288540537
0.990592081224664,0.0631452549027287,0.121408423918022,-0.0332158513968416,0.971592552113904,-0.234317348680744,-0.132755549153215,0.228080225929518,0.96454931170416
0.981203625431712,0.121361729466436,0.150035915902095,-0.0942678387287577,0.979849394484234,-0.176092983137569,-0.168383550328035,0.158639511943888,0.972872286186183
0.966009287632825,0.187566657348809,0.177889868340265,-0.188273551083991,0.982029877071352,-0.0130533712675862,-0.177141542754223,-0.0208822793348772,0.983963822627862
0.971470860178868,0.184162493178589,0.14942738681238,-0.20172257972811,0.972983531178305,0.112298926458058,-0.124709136197661,-0.139238012633196,0.982374881186806
0.978822002133329,0.11228999357997,0.171167886829021,-0.141844609373129,0.974905886428206,0.171576861491923,-0.14760621576169,-0.192222449129763,0.970187061921086
0.976816709561771,0.0812928301728194,0.198041893758388,-0.119069795008607,0.975111330013804,0.187030152636728,-0.1779086839857,-0.206274985980372,0.962184561464833
0.975529879859453,-0.00916708272041512,0.219675711210409,-0.048337381655212,0.965743754686698,0.254955874257402,-0.214487647747185,-0.259335622076943,0.94166877620841
0.96685956265026,-0.101726027520308,0.234167464513512,0.0155387614624961,0.938939347010898,0.343731653367797,-0.254835501851608,-0.328701563670886,0.909403182882243
0.944630496970291,-0.205173066777402,0.256080528082119,0.0776680448583676,0.898036861731516,0.433009780235145,-0.318811698344869,-0.389144969954085,0.864248397949279
0.932906220864231,-0.241575824827312,0.267071346145225,0.106943695288811,0.894008867952538,0.435099057756041,-0.343873565588855,-0.377345021010248,0.859861445820188
0.925450789813552,-0.271129267242371,0.264631358833543,0.154929612557031,0.908233970196054,0.388725958143833,-0.345742173861392,-0.318747511090718,0.882531797380169
0.91890450788087,-0.295875943359056,0.260905982180567,0.197852047541,0.917865710331478,0.344059740570625,-0.341275654977104,-0.264537263800548,0.901970600064586
0.918124685685481,-0.299929731974076,0.259015863245663,0.207505368490518,0.920684497744939,0.330577642407595,-0.337621953644237,-0.249764311882439,0.90754019466211
0.92168195989172,-0.288334998696754,0.259548248571826,0.204364113939737,0.929536710204128,0.306914993632623,-0.329753959405775,-0.229835665007478,0.915662543378719
0.92618754508888,-0.267711772851573,0.265531613934955,0.190778333020405,0.940132793964268,0.282407431493747,-0.32523877224616,-0.210904567019321,0.921812890253875
0.931472631064515,-0.228107407272589,0.283417974597815,0.15963593397828,0.956288156392631,0.245008837648902,-0.32691758313164,-0.182975333557726,0.927170384098202
0.934956608666073,-0.187470066506342,0.301182858203689,0.124799000481703,0.968510836197461,0.215434374339062,-0.332086358332292,-0.163834472356104,0.92891168378775
0.935731658010978,-0.108261269458697,0.335686999645827,0.0524335357907423,0.983850650354869,0.171139189319055,-0.348793618807035,-0.142539101061758,0.926296721438654
0.933275308904552,-0.0372370445011612,0.357226259261456,-0.0151251832806562,0.989653820415706,0.142676363029495,-0.358843178310304,-0.138559439423722,0.923056257834127
0.936790796766006,0.0686737129350882,0.343084427286087,-0.121200436711123,0.983532531850431,0.134067941480855,-0.328227752080086,-0.167175596136487,0.929687508155759
0.953502998675641,0.0903960832002473,0.287507529742466,-0.148345303756912,0.971165336132027,0.186632153577131,-0.262346531080231,-0.220604709917132,0.9394188946325
0.983199460902644,0.031260284093505,0.17983774553509,-0.0925251500077229,0.93462513029661,0.34338748147551,-0.157346486127905,-0.354257901050122,0.921815286728726
0.982313163334147,-0.0103222985093296,0.186960689167395,-0.0668020343501893,0.913455356514766,0.401418484702881,-0.174923804403915,-0.406808015909182,0.896609670282947
0.972938137680061,-0.032990689422553,0.228698479791801,-0.0590266666879063,0.921430400767291,0.384033682326882,-0.223399267830875,-0.387140324628233,0.89454744769597
0.965641184027072,-0.0599200381343077,0.252876833143682,-0.0384995839455771,0.929335194431785,0.367224561306096,-0.257011450614193,-0.364342813048947,0.895097440970964
0.956506078469996,-0.100026533362132,0.274027032377289,-0.0039605803424314,0.934834396879892,0.355061916028119,-0.291685508130419,-0.340704186991827,0.893778619856694
0.952642741626395,-0.131899968678612,0.27399672459562,0.0278706844277038,0.935112174453637,0.353254081559043,-0.302811875223014,-0.328888460501691,0.894503968002797
0.946059906482267,-0.175908685765871,0.27207864234241,0.0692933733735649,0.930196576971932,0.360461865661559,-0.316494994831319,-0.322165271967392,0.892210992862618
0.93949144438872,-0.199893037972458,0.278206037480388,0.08904482878424,0.926687909472576,0.365130849017351,-0.330797285942891,-0.318264499760008,0.888414803909373
0.936111484811068,-0.220152468097358,0.274277557950809,0.108203184961421,0.922306309076457,0.371002888131571,-0.334645123629528,-0.31762235914432,0.88720272666543
0.935262022147163,-0.236741701872177,0.263131747464774,0.126180659977055,0.917559405136345,0.377045327637928,-0.33070136222422,-0.319434038011766,0.888030688874288
0.934772609505992,-0.239560891740615,0.262318027717884,0.13127735346913,0.919087003480246,0.371544528286776,-0.330100628571804,-0.312873231808256,0.890586276468685
0.93443660879114,-0.229302492979939,0.272485946177229,0.124356870341871,0.927061508235117,0.353683939058031,-0.333711841188906,-0.296609721118535,0.894795552284596
0.935080296962505,-0.214011912898648,0.282530952941401,0.112593627378719,0.935198048112093,0.335748843454499,-0.336076647963253,-0.282140943403811,0.898581646122928
0.937221285061187,-0.185926137439775,0.295038530102398,0.0901995096826954,0.94647517454298,0.309917396134577,-0.336868388664266,-0.263848849515326,0.903827125797948
0.939593651763725,-0.145657748379866,0.309754079718436,0.0564601331661635,0.958496800092596,0.279456861742764,-0.337603351476502,-0.245087136645648,0.908821364473058
0.942373697792702,-0.0860766853932745,0.323299579245346,0.00304865799419597,0.968505692504219,0.248972748049575,-0.334548231788698,-0.233639739382302,0.91295670915352
0.946584075356091,-0.0279021466400227,0.321247659127865,-0.0547730770333024,0.967858723464079,0.245457534915486,-0.31777114141243,-0.249941916507339,0.914631368398263
0.954451628635048,0.00859512618916535,0.298241868961582,-0.103844449876129,0.946658608771861,0.30504722366881,-0.279711313367603,-0.322123582253639,0.904432407054421
0.967534159047157,0.00351208124515318,0.25271588070843,-0.104806155717631,0.91545508457235,0.388532698565158,-0.229985479542953,-0.402404837714408,0.886102153131025
0.980011790479134,-0.0304450997170799,0.196595997988512,-0.0645521191059962,0.886084840964105,0.459006185723616,-0.188175222706942,-0.462522162189915,0.86640829580652
0.977031835652964,-0.0404170047246423,0.209225375730785,-0.0607041390969079,0.888376278815923,0.455085260949722,-0.204264043867498,-0.457333634195279,0.865518426965386
0.968601975200556,-0.054922948962253,0.242474087924611,-0.0593733210924444,0.895972151771954,0.440123519016637,-0.241422911878793,-0.44070100173068,0.864579438046927
0.96097194713036,-0.0872357060303345,0.262531614137942,-0.0379579678933314,0.898428093462417,0.437477032026706,-0.274029395324467,-0.430368321871947,0.860052904202545
0.954544353266406,-0.13807928834946,0.264157505621411,0.000223137807234235,0.886560416239951,0.462612773889746,-0.298068830736691,-0.441525467538796,0.846292049860986
0.945020194744958,-0.181340287924526,0.272125947861742,0.0302753137688851,0.877102237391987,0.4793485897947,-0.325607489011535,-0.444755399222339,0.834369461307268
0.938046734083966,-0.209039113825025,0.276352987256614,0.0537280963835273,0.875635293858304,0.479975128323004,-0.342318004687759,-0.435391181629727,0.832618101307953
0.932318161251625,-0.234787754144913,0.275059187637821,0.0818076007541928,0.877798983303182,0.471992014096366,-0.352264620220698,-0.417544794501728,0.837595356914828
0.929246634350597,-0.249447275265257,0.272537611002276,0.0988078256297118,0.878585307987601,0.467252469423824,-0.356002396259375,-0.407263935858643,0.841069783315576
0.925821907336441,-0.261625472955966,0.272774463241122,0.1126468037669,0.87990371114037,0.461606062267934,-0.360783166870374,-0.396637833573618,0.844105405432882
0.924462304981251,-0.260926897532926,0.278004677681141,0.115115338140034,0.886135317292752,0.448901613242124,-0.363480268506639,-0.38299001761184,0.849235385989081
0.925338545733135,-0.246904281226468,0.287727043728127,0.10876398764643,0.899860391360605,0.422399894710673,-0.363206512567896,-0.359568563659813,0.859529800097638
0.927628436470919,-0.226013228865669,0.297360898956526,0.0958095447175189,0.913486845935492,0.39542674851842,-0.36100694590484,-0.338319084121104,0.869030599189647
0.930602186572406,-0.195421325523401,0.309499718703158,0.0734246759542947,0.928030816523961,0.365195318347427,-0.358592229848423,-0.317126645226397,0.877976254564887
0.932551650968596,-0.162095880921323,0.322602454522724,0.0449318961135358,0.938705375053863,0.341779671069871,-0.358229734929121,-0.304232056551125,0.882674522561564
0.934750548289471,-0.114349258328662,0.336401039820357,-0.00198159270099469,0.94510345312812,0.326765261580345,-0.355299149679394,-0.306110617269295,0.883209377346115
0.938913789211184,-0.0683406485800883,0.337298758048037,-0.0502773564725584,0.942332240022392,0.33088084991506,-0.340460106114103,-0.327627082467299,0.881332747025061
0.947113194342257,-0.0303967564025152,0.319456780023545,-0.0906898992169488,0.92956722584631,0.357323543602175,-0.30781802949604,-0.367397345979257,0.877648705852503
0.956225603178241,-0.0199486448276373,0.291949734365267,-0.0988550430263639,0.917002083777062,0.386438687008409,-0.275427442885898,-0.398383270128237,0.874888846532671
0.957381697976307,-0.0114453773679479,0.288598835266029,-0.103335112120329,0.919500196827313,0.379264080341933,-0.269707506352868,-0.392922882219194,0.879129950374505
0.95216714421793,-0.022205269316551,0.304769840185099,-0.0997767763379128,0.920099961277247,0.378762004643052,-0.288829230472758,-0.391053688477923,0.873873382334264
0.946696332723273,-0.0482192220619751,0.318497975240102,-0.0827959406935332,0.919091577389089,0.385247329097957,-0.311305132969213,-0.391082573117462,0.866108269900967
0.943065050365567,-0.0808278207641457,0.322637837473396,-0.0563254310264691,0.917203394529096,0.394417772018435,-0.327804448717025,-0.390134331294777,0.86042980361358
0.940032342490516,-0.112591228192638,0.321966474040182,-0.0275137425497156,0.91584035592125,0.400598847273611,-0.339973806406761,-0.385434375477994,0.857821749058152
0.935042839446872,-0.143264870785804,0.324299345046915,0.00179277778451488,0.916617030284247,0.399762436630437,-0.354530216408907,-0.373213607189791,0.857333032759987
0.929594944571874,-0.163473629198524,0.33034771314946,0.0225562556301652,0.919816084945129,0.391700887423252,-0.367891905807074,-0.356671757268332,0.858743735469877
0.923843450195498,-0.181340915044929,0.337088641252633,0.0434733356764887,0.924665832978906,0.378289791570677,-0.380293766207176,-0.334826178564483,0.862129967888756
0.92082018780445,-0.196214761234332,0.337031080474088,0.0623190984676961,0.927138055892312,0.369501495642979,-0.384975988469347,-0.319240963521255,0.865955365773589
0.921189460219619,-0.209176657565416,0.328108372813081,0.0803350897914206,0.927290088012132,0.365621889419463,-0.380731206664874,-0.310448415367537,0.871014081210685
0.923003914138693,-0.215183932222642,0.318997883688676,0.0906474553912982,0.927281240465021,0.363225191737487,-0.373960978332947,-0.30634192725589,0.875390090353673
0.924335389808554,-0.202137306655608,0.323642698674765,0.0848866416956604,0.93583753785412,0.342056078450262,-0.372019280695371,-0.288701596810887,0.882186512473266
0.926206139644533,-0.181985826849151,0.330186834550989,0.0727305632830204,0.945582133407177,0.31715090122159,-0.369935740432451,-0.269732437439703,0.889039909196168
0.928696025929961,-0.159065638237451,0.334995244972237,0.0559468876225276,0.953094365295276,0.29745768876892,-0.366597377496415,-0.257505832117465,0.894034176773038
0.931220627096599,-0.134828865484246,0.33859905596745,0.0307720408068846,0.954823126235854,0.295577196532092,-0.363154547230785,-0.264828198342666,0.893299949730314
0.932946628733029,-0.115549154519912,0.34096771229166,0.0015039291849914,0.948336448873477,0.317262853065167,-0.360011563887442,-0.295476517895715,0.884921070626947
0.935748535747853,-0.0973811613436294,0.338956615603111,-0.0294403249719142,0.936196661311147,0.350241457590916,-0.351436971747848,-0.337716924013629,0.873177721957836
0.943009855515031,-0.0843363004720227,0.321900296402804,-0.0415849493534364,0.929900478891324,0.365452857896826,-0.330156181812173,-0.358011854245608,0.873398195458881
0.952894525646171,-0.0699708183871655,0.295120496692096,-0.0449008675315131,0.929760558392988,0.365416496824757,-0.299959889132658,-0.361454545732918,0.882821995806931
0.956348199609985,-0.0630287941674873,0.285351523928876,-0.0474913274337333,0.929961404203925,0.364576961024206,-0.28834475011923,-0.3622142429514,0.886373593515637
0.955186278166227,-0.0639162713448488,0.289022290248213,-0.0467595318216015,0.931567865752626,0.360547996362373,-0.292288761649802,-0.357905045723679,0.88683214762364
0.952531911290796,-0.0723026796133204,0.295728389731923,-0.0400521431535231,0.933183738380401,0.357160938865366,-0.301792617208427,-0.352051747535946,0.885991412630718
0.949806220856932,-0.0906305529579408,0.299423188300456,-0.0247808361082217,0.932312506448336,0.360803686901616,-0.311855820826307,-0.350113543283546,0.8832703175281
0.947947651117893,-0.111767252221815,0.298166617968635,-0.00605643646236212,0.929878015711322,0.367818155443897,-0.318368607619291,-0.350478183668483,0.880798769558062
0.945393540182482,-0.133955332899492,0.297131322766582,0.0146209302357984,0.928150800140394,0.371917088337961,-0.325602952351898,-0.347263676457146,0.879426322344968
0.941199247077547,-0.148042519990851,0.303689627046129,0.0271506829459843,0.929119638585807,0.368781151375374,-0.336759287498096,-0.338851161232979,0.87850615980472
0.935297019901005,-0.158649268852279,0.31630664560982,0.0359188566308716,0.931812695602282,0.361157771690906,-0.352035964501683,-0.32642841452154,0.877220137645234
0.930967045096113,-0.168247137988117,0.32402663702822,0.0438291609044843,0.932575964018909,0.358303050487449,-0.362462916171323,-0.319366516549575,0.875571620432944
0.928457459288144,-0.1801432588971,0.324830959987094,0.0533292042532535,0.930110758799701,0.363386808151809,-0.367590454535913,-0.320066216022525,0.873175168620308
0.927964138315487,-0.188320608078854,0.321586546007768,0.0593052905968421,0.926553655123911,0.371458216605509,-0.367920426869207,-0.325628120329513,0.870976972567615
0.927427093425402,-0.192340633773782,0.320755462899715,0.0612927771121849,0.92419468750871,0.376971318609988,-0.368947397137297,-0.329953421228175,0.868912284390914
0.927021440853682,-0.189081112407346,0.323851171262916,0.0580251251944402,0.925505880351304,0.374261873934986,-0.370492014817771,-0.328157276874913,0.868935249941162
0.929662461505319,-0.171103810067271,0.326268591575,0.0459855210521922,0.932574525921596,0.358036430347067,-0.365531174486431,-0.317849397958491,0.874847827165385
0.932407578367575,-0.150330357629976,0.328659232910865,0.0320056611086769,0.940157876986535,0.339232669413146,-0.359988535178152,-0.305784155761896,0.881421751844866
0.936438637578646,-0.127527402655884,0.32683243355226,0.011829628179472,0.942542005101289,0.333878164180854,-0.35063191233398,-0.308790107016863,0.88414135287381
0.93940528734667,-0.109138532685163,0.324971516887941,-0.00926382889665531,0.939539743554742,0.342314550896196,-0.342683363441083,-0.324582579576324,0.881597562074831
0.941953453656218,-0.090657221286917,0.323272268179095,-0.0302912854044796,0.935980676308604,0.350745793425144,-0.334374235212084,-0.340178544010971,0.878904106840393
0.949096892380746,-0.0880520152922724,0.302426737369862,-0.028362263946738,0.932342792073897,0.360461509806063,-0.313704751090935,-0.350690405729641,0.882386292092162
0.955406663345541,-0.0853741319898147,0.282682445903394,-0.0263381950724481,0.928841161069772,0.369540792041805,-0.294116315622349,-0.36050708049849,0.88517243393318
0.954200543534464,-0.100055928412625,0.281939947343439,-0.0125283556527088,0.928223291066201,0.371812536403589,-0.298905274331472,-0.358315968262257,0.884457632600403
0.95293421746381,-0.113218596272215,0.281243536183118,-0.000138477433750073,0.927491529441474,0.373844143512128,-0.30317710667304,-0.356287822234307,0.883822736591959
0.945460967649648,-0.141247495202464,0.293517808233196,0.0166099665129329,0.920826069526619,0.38961963335104,-0.325311646983978,-0.363494834597673,0.872951222897008
0.938960204315144,-0.166920074588016,0.300817924020484,0.0349829630860742,0.916199251109525,0.399193091824076,-0.342242497370185,-0.36430292472869,0.866113994822819
0.932443197362629,-0.189627330943232,0.307556757447307,0.0541596453697384,0.914948093980289,0.399920889846055,-0.357234399947122,-0.356246348305751,0.86340727516812
0.926504621069925,-0.2102979094959,0.312032011815658,0.0727015557570961,0.913667469731129,0.399907787553099,-0.369193270424274,-0.347831200464782,0.861806118019974
0.921416674066704,-0.234656363695299,0.309721978117717,0.0945503832847739,0.908507200460765,0.407031806781295,-0.376897250948524,-0.345761561901034,0.859300532141813
0.918305510588681,-0.255961299168204,0.301991394828705,0.114203429380163,0.901706387255933,0.416993007015303,-0.379041641433064,-0.348438523286361,0.857273602503745
0.915532472849799,-0.271490318106723,0.296805152131565,0.128518191589951,0.896627966067338,0.423723217320454,-0.381160550933567,-0.34978750355074,0.855783463717173
0.91340207012969,-0.278184117105245,0.297170414532086,0.134102737897451,0.894934028248946,0.425569666177611,-0.384334638006001,-0.348864847860158,0.854739845775488
0.912016741259664,-0.27882592152602,0.300801544456254,0.134464887231856,0.896117017655753,0.422958017738738,-0.387485041987205,-0.345297547273253,0.854766018325044
0.914567981535561,-0.262565862873625,0.307611077179279,0.123658422786411,0.905720067790808,0.405437730453139,-0.385063633213973,-0.332761666143268,0.860811054716197
0.918873025296692,-0.23978413186281,0.313330390305349,0.108423709997081,0.917023627587482,0.383812409331387,-0.379363496520913,-0.318702426337005,0.868626560124852
0.925065001781987,-0.210798030125039,0.315941344197771,0.085947586106374,0.92644767280458,0.36648017954245,-0.369956423002194,-0.311863592056498,0.875141899939113
0.931240778838034,-0.182109079857265,0.315637283701833,0.0566803523275844,0.928017629165282,0.368199154831281,-0.359969372987692,-0.324991635264647,0.874529866567665
0.936504993311737,-0.157870388659574,0.313105953131935,0.0255451161425932,0.921262479757077,0.388101649613993,-0.349722525073012,-0.355460804838335,0.866799729857041
0.94130903339247,-0.143836749259834,0.305365835050513,0.00692219473469764,0.912699935203616,0.408571794791772,-0.337475016666105,-0.382478519451327,0.860128359772269
0.946326510245148,-0.13620252893734,0.293112618490423,-0.000526087318230424,0.906223282924182,0.422799106808722,-0.32321178697469,-0.400260206112464,0.857511462409357
0.948848056513947,-0.135946317993579,0.284966602032049,0.00233268265692444,0.905549259887427,0.424234718651075,-0.315724443528412,-0.401869551647451,0.859545774940085
0.948725150855794,-0.145840918014025,0.280447882442488,0.0147873953391215,0.906711637091293,0.421491803125888,-0.315756110111481,-0.395732780795393,0.862376741993435
0.944893528282108,-0.159808496068476,0.285722706124173,0.0264932511505009,0.907225576663453,0.419809314678869,-0.326304042043713,-0.389105381139862,0.861465422703626
0.939371633899698,-0.180127658880229,0.291778957313473,0.042103753214985,0.905064989067241,0.423183931086622,-0.340306049593335,-0.385241991572885,0.857776428062194
0.932978951642712,-0.207351086713113,0.294203675419862,0.0643108956578795,0.900269706749818,0.430556109941873,-0.354138933882376,-0.382779286204842,0.853267621301293
0.925367346046157,-0.230188185389211,0.301178807652053,0.0841867092636542,0.899470743186017,0.428794799567056,-0.369605022767342,-0.371437452957583,0.851719640307499
0.918762401231963,-0.249378174068605,0.306081976569487,0.101914532146544,0.898790331343578,0.426367644669073,-0.381430305848692,-0.360536359583205,0.851190022967059
0.914920754726993,-0.262825618039423,0.306337570454528,0.115654868145576,0.897829807498597,0.424883028892968,-0.386709146574033,-0.353304870146491,0.851840187292637
0.912972504415577,-0.273170495715156,0.30308263964121,0.127424019700719,0.896546540121098,0.424225671783544,-0.387613628997303,-0.348686365761016,0.853330822687143
0.912838008665564,-0.276078290906576,0.300844722781689,0.13222139997001,0.896943645934865,0.421911836059433,-0.386321461124616,-0.345359049841141,0.855267709765409
0.91404644731927,-0.271477519108047,0.301361989577253,0.131586746630995,0.90127183139648,0.41278809823238,-0.383671761085033,-0.337652250918271,0.859527159079767
0.916118631712636,-0.259552192574117,0.305547560878718,0.123889848973,0.908120616062327,0.399960313036215,-0.381284615412703,-0.328556853546762,0.864102098155675
0.91929224728315,-0.241516564191267,0.310759574762131,0.110055273058554,0.915827239006758,0.386197236092215,-0.377875112910473,-0.320827395205748,0.868493052089879
0.92335539152914,-0.218834912123059,0.315477577919826,0.0913886244922336,0.923322367857689,0.372993196086856,-0.372911437539108,-0.31557421670625,0.872553708090655
0.928366142899874,-0.189376700862826,0.319801141160441,0.0664785200806686,0.931184355077454,0.358435912300749,-0.365673229926793,-0.31149985879499,0.877069510863084
0.934002840866461,-0.15281660488089,0.322933086762655,0.031498325546358,0.935604943807435,0.351640789173928,-0.355874344033332,-0.318261644556433,0.878671142614278
0.941230184387407,-0.130950247929915,0.311348313894807,0.00635936642150013,0.928494594002062,0.371291458786307,-0.337705934885313,-0.347490750202132,0.874759898524845
0.952385734579676,-0.11945754189615,0.280519710988835,0.00255508305136272,0.923145961883884,0.384441158837188,-0.304885034266576,-0.365419524302697,0.879496268973701
0.960231804736396,-0.112241087327095,0.255649798529774,0.00603673959635758,0.923770100135592,0.382899934539723,-0.279138744977706,-0.366129403914941,0.887711000630927
0.958539110530181,-0.11819746128928,0.259291599803728,0.00978398175497769,0.923034047246895,0.384593839425484,-0.284792990231547,-0.366111332476593,0.885920676441852
0.950954709552466,-0.136625872201815,0.277522091778433,0.0175242047343089,0.919525347321132,0.392639832266648,-0.308833357376456,-0.368519343697241,0.876821219344367
0.943028941282936,-0.165403059368176,0.288683639741553,0.0362978654055281,0.913639065457015,0.404902609324557,-0.330724781154641,-0.371356279093919,0.867591858599269
0.937162086190035,-0.197573740406523,0.287561891268149,0.0624581411114161,0.905899616655486,0.418861391336503,-0.343258218862776,-0.374580434146287,0.86131486318183
0.930374007942968,-0.226564296459166,0.288223567589639,0.0879366550267204,0.90114399306117,0.424507536414234,-0.355909187921368,-0.369605361622007,0.858324254937153
0.922296708096687,-0.245489177446362,0.298502673339323,0.104286085970895,0.901785563269071,0.419412935127609,-0.372146737869466,-0.355693493946957,0.857314961876277
0.915020553135845,-0.256796011750671,0.311116048586246,0.115988878763011,0.906129315069172,0.406787714140401,-0.38637283463291,-0.336133117560919,0.858912428560973
0.911095187503636,-0.266523051585438,0.314437628602716,0.128176743800931,0.908205274590008,0.398414233625607,-0.391760490167531,-0.322689699526458,0.861623511844484
0.91128732669896,-0.275157924415967,0.306338905183391,0.142067246923734,0.908370399080553,0.393293930064715,-0.386487135037342,-0.314883049250567,0.86687736142161
0.913185558465532,-0.278748231866126,0.297307179599654,0.15060961393509,0.908687491807769,0.389363309034673,-0.37869364927381,-0.310783631267182,0.871782458263568
0.914692061054402,-0.274058620359623,0.297035866606423,0.150107392673617,0.912761295568942,0.37991392179813,-0.375241527697531,-0.302916968685954,0.876033735636554
0.915634158955231,-0.260566384844086,0.306135992728117,0.139897050709504,0.92043605382266,0.365001761675409,-0.376885794581234,-0.291380558570151,0.879235160767709
0.917006387692425,-0.242388155224922,0.316776367707483,0.125066601104806,0.928856003986072,0.348690219460079,-0.378758010105897,-0.280133014951265,0.882081551623735
0.920351213211956,-0.221339286214399,0.322432263766175,0.108332973487919,0.936460834744435,0.333624147574815,-0.375789317563107,-0.272121343095055,0.885851208407822
0.926351396105213,-0.193645813259626,0.323070255425873,0.0833183445052167,0.941822713600732,0.325619455215232,-0.367329748867188,-0.274720358096688,0.888593034208797
0.931749054259054,-0.171075500844762,0.320276244667116,0.0547803472022873,0.938187364019009,0.341765392565513,-0.3589468114467,-0.300894737417883,0.88352676447659
0.935590431871387,-0.154675191908054,0.317405306822234,0.0233104549089679,0.924039899552115,0.381584704525293,-0.352316855234953,-0.349608136409788,0.868128437774866
0.939873838044044,-0.149320069050426,0.307149288684075,0.0105887000511363,0.91166307934888,0.410802031620275,-0.341357654069137,-0.382849770446443,0.858429382813474
0.947105679853102,-0.150658020866653,0.283360180580363,0.0176052248621026,0.906018599560152,0.422871556514051,-0.32043858576574,-0.395515433326697,0.86074773003061
0.948681888494723,-0.156919409163263,0.274552314632271,0.0270931710596312,0.905338398502948,0.423825841918648,-0.315069253536454,-0.394637407279099,0.863129586013602
0.943883572928935,-0.167538178004933,0.284630918323528,0.0344594650722465,0.907042714418165,0.419626094860487,-0.328475792139759,-0.386269948522682,0.861915994077406
0.938903510305514,-0.17969278859916,0.293548462883796,0.0444614330934929,0.909067964240841,0.414268774297902,-0.341296614842947,-0.375906821056058,0.861516501629699
0.934581922937298,-0.20090792680283,0.293585820956342,0.0663602811439268,0.909233348914382,0.410963538903923,-0.349503851774654,-0.364596656827413,0.863085358133803
0.932328959612934,-0.215690304653456,0.290241974127729,0.0830383634661832,0.908887574427494,0.408690600875729,-0.35194792407389,-0.356932864177293,0.865292776585055
0.929115600252229,-0.226959254469073,0.291948108709032,0.0967018151761265,0.9111479866784,0.400572222343912,-0.356921504408996,-0.343945988758033,0.868509180439493
0.926411341937631,-0.23701915249695,0.292547341261111,0.109311097974029,0.912838432791319,0.393417182490547,-0.360295863685707,-0.332487468889755,0.871572701294766
0.925434867644465,-0.243511069213572,0.290297545491402,0.118412884807691,0.913637410107134,0.388902393364002,-0.359928735251008,-0.325528865115203,0.874346763885713
0.926350221611841,-0.244653790162881,0.286390973807886,0.12314826698038,0.915271264341033,0.383553147570575,-0.355963159975048,-0.320035991148657,0.877990428826007
0.928943370048552,-0.236886931672537,0.284515020421786,0.120600296303912,0.920203285739835,0.372399626000108,-0.35002826139363,-0.31162556781558,0.883385375535146
0.93284924395021,-0.218168580457149,0.286696282785168,0.108757873320301,0.92919709139091,0.353220172614078,-0.343458895724606,-0.298320692966455,0.890528355020574
0.936366537377269,-0.198140065293937,0.289755452417063,0.0935756141778407,0.936486265828324,0.337989760712008,-0.338321314893612,-0.28936825748557,0.895435480338155
0.940963122466785,-0.170969888134436,0.29216040030924,0.0709844677006745,0.94354913107449,0.323537080709193,-0.330982790342352,-0.283697611198743,0.899981143078742
0.945197863870982,-0.144926842471504,0.292570006092508,0.0463568883185083,0.946576460401414,0.319130135711681,-0.323190403692863,-0.288078487473763,0.901420405812778
0.948317904655449,-0.121212462869378,0.293258743356505,0.0135137063143348,0.938756526827407,0.344316080194627,-0.317033959461044,-0.322558091177516,0.891877652127449
0.949049310565894,-0.112444947262761,0.294383321452616,-0.0114577943869818,0.921241315113733,0.388822785180221,-0.314919235776707,-0.372384979775761,0.873015063887916
0.954460293903223,-0.116237485178671,0.274762432660491,-0.019406429675403,0.894836712516163,0.445971578041155,-0.297706126657525,-0.430994321276514,0.851830357041807
0.962796222456239,-0.117706640105089,0.243245926788439,-0.0071525077377923,0.888733515687162,0.458368388665054,-0.270133810651418,-0.443055171473609,0.854827374019712
0.958365233088435,-0.126804388454006,0.255845123221363,-0.0021206003259981,0.8928027306085,0.450442879033805,-0.285537358434245,-0.432231340009967,0.855362195594114
0.950092899555827,-0.145352510330594,0.276036464899467,0.00790654099862267,0.895760381936474,0.444466899512728,-0.311866908829772,-0.420102351687795,0.852204814163443
0.94381368419161,-0.171921647084092,0.282238687632565,0.0295144596985618,0.894468609850797,0.446155581227316,-0.329157448953174,-0.412757620469297,0.849285888581203
0.93920542354917,-0.203521171421923,0.276536263732029,0.0609323879373736,0.891403262559702,0.449096278762325,-0.337905928441736,-0.404943645808855,0.849611809736048
0.934298934641859,-0.226968863396069,0.274901138185681,0.0844099684462174,0.890050879590406,0.44797811215198,-0.346353082784021,-0.395341076526384,0.850732023175903
0.927047302209163,-0.247251064734142,0.28186913710895,0.102692475544978,0.890450974367416,0.443341085073967,-0.360607203107696,-0.38205231740686,0.850880997455516
0.921180917602219,-0.260490833953802,0.28908518203392,0.114743130124622,0.891691729872391,0.437858279545318,-0.371832934440638,-0.370176153072068,0.851298939598794
0.918379560239172,-0.269957479982397,0.289312879658784,0.126079119720928,0.892665676809107,0.432726293420371,-0.375077377224087,-0.360930669864022,0.853841913146813
0.919184241217702,-0.272687629618101,0.284150993928046,0.133024658225997,0.894080419864125,0.42769690566971,-0.370681495358066,-0.355333166857317,0.858098811052818
0.922085683434775,-0.26837310706261,0.27880794072297,0.135450188695786,0.898708007885212,0.417105697569896,-0.362506881020069,-0.346842604027467,0.865036975651647
0.92476509893544,-0.257350749531277,0.280321428910838,0.129335497782578,0.905350230503697,0.40449139563189,-0.357885234124372,-0.337804013952753,0.870520882778324
0.928128018871456,-0.237100336884138,0.2869874750493,0.112916036740987,0.913918008421339,0.389876701701808,-0.354722918955701,-0.329450002477767,0.875005340917956
0.931155966576288,-0.21745418819008,0.292681126736881,0.0945694799786724,0.919262241494999,0.382117187284415,-0.352143691361836,-0.328131996916154,0.876541050512683
0.934881398896888,-0.190638401308663,0.299422393857029,0.0673583097556656,0.923490031077295,0.377662575068956,-0.348510585353525,-0.332901130138262,0.876194732607548
0.938619223884486,-0.162289671889598,0.304394505457062,0.0353317570591756,0.923006587697329,0.383158591200097,-0.343140815843283,-0.348885226779952,0.872085706245154
0.943002766797365,-0.133410068626828,0.304872982406604,-0.00458495134935976,0.910830871140004,0.412754288166053,-0.332753302062709,-0.390626263540134,0.858304352895311
0.947714640385886,-0.127487705994295,0.292547167510748,-0.020127750459656,0.891028310380642,0.453501294112432,-0.318483648025583,-0.435678132249634,0.841874534013108
0.9579091207128,-0.137336500339668,0.252088877441433,-0.00635255000883966,0.867783350119713,0.496902105412517,-0.287001326762812,-0.477588466076663,0.830385148895937
0.963519221164939,-0.144222964750348,0.225456086376766,0.00722327208223412,0.856094411648183,0.516768983865301,-0.267541650563298,-0.496288318201598,0.825905182469814
0.96097830433788,-0.158065213802283,0.227015609105476,0.0144217797523605,0.848177504799768,0.529515752948307,-0.276247553583133,-0.505579181273594,0.817359762039983
0.955231387803676,-0.17235775591156,0.24046995598576,0.0199764749494686,0.848502668735365,0.528813919632942,-0.295184579887323,-0.500335912289029,0.81395948220452
0.949669608544186,-0.19440241550338,0.245632521165218,0.0410729514046497,0.854639261397344,0.51759515602555,-0.310548945048026,-0.481455536601931,0.819609613782626
0.944583916034484,-0.218254753556881,0.24520621549786,0.0683211613691451,0.861314528235768,0.50345754772291,-0.321081678826633,-0.458805128567478,0.82849526825568
0.939573190764865,-0.239909574645711,0.244224517993674,0.0943960306314376,0.867276268551456,0.488795727690506,-0.329076903773202,-0.436205536416925,0.837516042474571
0.935112819208552,-0.247602004465525,0.253490162997475,0.10470488518691,0.876495816552305,0.469885061035465,-0.338527550385236,-0.412853885716196,0.845547613490341
0.930761451538068,-0.254627258188496,0.262389176068974,0.114641386856607,0.884692320459066,0.451859326052197,-0.347189390319376,-0.390492583166647,0.852628330365289
0.931638986562728,-0.245188310756927,0.268200467905139,0.113404962234305,0.897375034816793,0.42644737240156,-0.345236315090123,-0.366879733912523,0.863835139125094
0.932361610127128,-0.237193676372748,0.272838757968746,0.112327886412071,0.907393555600145,0.404993063137533,-0.34363392424984,-0.346952583423305,0.872662380855592
0.93672412044058,-0.216148828858885,0.275368128089932,0.100878891012699,0.919914368293794,0.378920841805616,-0.335218393786601,-0.327165460875015,0.883510831669636
0.940421881963935,-0.196987825559634,0.277132604550054,0.0902708422650166,0.930473993525109,0.355062420442095,-0.327807655432533,-0.308891476014995,0.892820361038605
0.943840959938513,-0.17590235763756,0.279683040100563,0.068081471616369,0.931874603001037,0.356335007407647,-0.323309689871638,-0.317282342495145,0.891517111207575
0.946478050377285,-0.156983172494736,0.282020537740605,0.0430194710973959,0.927314698478004,0.371802064401407,-0.319888457529359,-0.33977011866869,0.884436340953578
0.947776535540583,-0.138332860434493,0.287373726013181,0.00594256682017284,0.908544291970426,0.417746281165426,-0.318879796441034,-0.394222385528736,0.861919013695462
0.948555127787898,-0.134245836528782,0.286742436555825,-0.021414553455486,0.87638173850539,0.48114079572883,-0.315886983662806,-0.462529030212113,0.828421577316439
0.95385019508458,-0.138173377583817,0.266604431816477,-0.0215443259616113,0.854065927503966,0.519718417506682,-0.299509010475422,-0.501477326709663,0.811674099278869
0.96145245429197,-0.136031857607723,0.238965503476418,-0.00879148427547958,0.853404638467123,0.521174858226136,-0.274830653203349,-0.503185708022983,0.819312062221246
0.962132579267959,-0.142096547021735,0.232614426112575,-0.00114626209670446,0.851257695681879,0.5247466261212,-0.272579503988081,-0.50514246195195,0.818859882482184
0.957695561249867,-0.153895246468026,0.243177846599656,0.00173680326442969,0.848078830422036,0.529867229506044,-0.287778031608949,-0.507029141671893,0.81246861725161
0.954248996193745,-0.172778700511401,0.244041746250144,0.018041174647861,0.847939089573754,0.529786576264592,-0.298468372328717,-0.501145508831941,0.812262155770551
0.950111575493342,-0.190708509816217,0.246816244192386,0.0357904058866107,0.852736672776569,0.52111343654565,-0.309850029788654,-0.486282254648083,0.817020518625051
0.946370549525871,-0.204054870119203,0.250488309050013,0.0548733859800046,0.865559025555045,0.497791607795159,-0.318389218569331,-0.457350175752492,0.830336752310758
0.941936397716329,-0.213343613856263,0.259307394965772,0.0692708693315181,0.879073804922006,0.47162569073578,-0.328568667586002,-0.426278955528766,0.842810110733174
0.939668627405363,-0.218811949292142,0.26295285036883,0.0790755707304573,0.88679296224983,0.455351837832927,-0.332821160360593,-0.40708668972486,0.850594205402955
0.940018517257204,-0.223978338002715,0.257291452091026,0.091169194550364,0.891766658577093,0.44321597964794,-0.328714717009453,-0.393174173561524,0.858697096807488
0.942715710151704,-0.225160262303216,0.246150251092122,0.099977624762169,0.894641666155978,0.435454663225196,-0.318263356954712,-0.38590043464241,0.865903741857441
0.946788448302473,-0.218240369641137,0.236564526545916,0.102188821940949,0.900799579316987,0.422039764207899,-0.305203340137874,-0.375408123195593,0.875168362206638
0.949224723543258,-0.206118994134583,0.237670748034275,0.0950610796169372,0.908079241502651,0.407866990934582,-0.299893006514468,-0.364564193810796,0.881565161082718
0.951646930685414,-0.184938063016333,0.245287651879985,0.0780088132691189,0.917789798653703,0.389328281196651,-0.297124122833158,-0.351368465197095,0.887838643727375
0.953785004947286,-0.159071571098757,0.254932147062463,0.0551518024476498,0.926647155940266,0.371864662309544,-0.295385245102865,-0.340618971368286,0.892595246077152
0.957636863940394,-0.122142542227701,0.260792707337762,0.00861236527349645,0.917339688309811,0.39801221515935,-0.287849724659936,-0.378905127478913,0.879530238470166
0.963258358023307,-0.106600683910216,0.24651496889259,-0.0171604485576333,0.891553663888737,0.452589862250437,-0.268027712566334,-0.440191275011719,0.85696720281468
0.970505917530947,-0.113913669332843,0.212466326688586,-0.00682697791435587,0.867980449289975,0.496551439453082,-0.240980614178756,-0.483356613267574,0.841602476232414
0.975295778623611,-0.126713289991762,0.180947192126396,0.016240346476726,0.858037607405987,0.513330025834573,-0.220305232224019,-0.497709962143085,0.838898324136036
0.972809331438771,-0.1354018746716,0.187905127660387,0.0200244132035518,0.857441511540945,0.514191673563693,-0.230740173228468,-0.496447768271542,0.836838446676957
0.961827012202285,-0.157337929464739,0.223905280307931,0.0213295917194998,0.858806079222837,0.511856588125009,-0.27282567165702,-0.487541684619525,0.829378839037537
0.95573109351678,-0.175028653528302,0.23652282623309,0.0314011429395405,0.859919666614037,0.509462594497862,-0.292561181818965,-0.479482155470329,0.827348063077577
