1,0,0,0,1,0,0,0,1
0.981780662660825,0.186040635531524,-0.0386731477422901,-0.184925331878955,0.982273431916872,0.0306843051038975,0.0436961331782198,-0.0229736127171446,0.998780687170108
0.98945041612132,0.129487096590112,0.0649689606967087,-0.144020431250875,0.830626012679137,0.537883391120296,0.0156840498487959,-0.541565802906185,0.840512041378897
0.99403967341884,0.00127277918885077,0.109011502615556,-0.0778303850303786,0.708468579761181,0.701437597122651,-0.0763384492597803,-0.705741207188805,0.704344936547641
0.992270079614512,-0.0688390237718089,0.103253464387176,-0.025616561000908,0.700495966068217,0.713196461940637,-0.121424383483286,-0.710328508739654,0.693317768968461
0.982863080467211,-0.135797395165832,0.124656457998291,0.0297086660413251,0.784093951043807,0.619930698625706,-0.181927348731712,-0.605603619046887,0.774691355560886
0.975644176314307,-0.170476099220871,0.138044705868837,0.0750402249107615,0.850722063672692,0.520231616711074,-0.206124733764098,-0.497202041402599,0.842794591911795
0.96723916675018,-0.22538267536637,0.116837682059831,0.140778966535877,0.859175611917438,0.491933481750721,-0.211257371198041,-0.459369042852252,0.862757443076268
0.966294030312212,-0.241728776031262,0.0885609723377635,0.178646224981121,0.877314565203853,0.445426402429366,-0.185368210011795,-0.414591790222143,0.890927760369729
0.977977873374886,-0.205448217820354,0.0367465506350555,0.17276903574702,0.895700724429853,0.409720725059011,-0.117090304791554,-0.394349137250581,0.911470580147019
0.986415207991074,-0.161777093242247,0.0285168291718093,0.13519520656328,0.898103455911169,0.418488277736338,-0.0933128799589692,-0.408947862914704,0.907774394798212
0.984896358259281,-0.168381597424314,0.0403336229025005,0.139852076417533,0.910971051899819,0.388037548856089,-0.102081145219425,-0.376536027823864,0.92076058752605
0.985614502844573,-0.162338226022171,0.0470143824209125,0.13322529638304,0.917437111180835,0.37491354661017,-0.103995539260569,-0.363256723819587,0.92586688050376
0.989083318915208,-0.140398933029665,0.0447473781109828,0.111702202441364,0.912410796682802,0.393737420200828,-0.0961083046017576,-0.384440733664874,0.918133169036926
0.991320525667089,-0.121883217555759,0.0492757208915385,0.0887652949029307,0.897014702031811,0.432995781457022,-0.0969759651249781,-0.424863631789116,0.900048085699337
0.993816961492861,-0.0697069966858891,0.0864221132704441,0.0118035782954011,0.840280368507773,0.542023595279639,-0.110401642145941,-0.537652152337806,0.835907674625616
0.990470208755519,-0.0205855696251845,0.136180027504052,-0.0743509276558393,0.752391210693521,0.654506994330736,-0.115934055068016,-0.658394790679836,0.743690523323473
0.990862234168261,-0.0142796495726918,0.134119813999133,-0.0859090063207991,0.699764081061029,0.709189589242388,-0.103979207210162,-0.71423128079418,0.692143050245432
0.995008447458731,-0.0174277123311148,0.0982571337291547,-0.0579212936840756,0.700936013874444,0.710868362069777,-0.0812607729702847,-0.713011205589862,0.69642781928895
0.994996989427499,-0.0258584710921919,0.0965004171130164,-0.0526291020260958,0.685360886310289,0.726299272432447,-0.0849186001423638,-0.727744319791471,0.68057111043675
0.994713670522345,-0.0613216554558422,0.0823672765612482,-0.0197568814031804,0.672843590662739,0.739520904465379,-0.1007689402206,-0.737238873823286,0.66807519308128
0.992866131948873,-0.102715555331506,0.0605504642576939,0.0229002785716614,0.662645238367762,0.748583238731587,-0.117014619899491,-0.741856322182047,0.660270229503273
0.988331787700643,-0.144032766167325,0.0495463388217474,0.0567016736200978,0.649816486892602,0.757973253862718,-0.141369012266233,-0.746319700686473,0.650401189065736
0.981961803520994,-0.184842369328285,0.0398034537056959,0.0863684278040071,0.625759725498299,0.775219491900815,-0.168200805897177,-0.757798168673823,0.630436693451564
0.973086988282284,-0.229600433047809,0.0196304452311064,0.119666306171869,0.576286975368427,0.808438802376463,-0.196930669025658,-0.784332176545734,0.588252792965862
0.965908722278898,-0.258870140878525,-0.00256717492146264,0.14386563651292,0.528501421722913,0.836653408447961,-0.215227830115617,-0.808500152998372,0.547726650570639
0.959435866577086,-0.279485438657282,-0.0370230671881987,0.176872107206356,0.494444141467143,0.851023647533488,-0.219542878768268,-0.823050958657705,0.523820621811298
0.956667188265395,-0.28489143487354,-0.0602059900016345,0.201185859409143,0.497226991098005,0.843972493211377,-0.210504491330199,-0.819513385893922,0.532996875666728
0.957639668305352,-0.281758268388501,-0.0594856611523066,0.2080876737457,0.534275450725785,0.819298030503468,-0.199062265944896,-0.796970527024979,0.570273788044313
0.960143217042833,-0.274139051696672,-0.0545232345104998,0.212194536307551,0.587941126009895,0.780575884272272,-0.181929880799887,-0.761034173136177,0.622678493117494
0.963700056609629,-0.261028443489789,-0.056092357589022,0.218921775157266,0.652310759196977,0.72564724887362,-0.152824923532085,-0.711586133314275,0.68577672578052
0.967662309571333,-0.247273192052521,-0.0498560239813478,0.215841571088046,0.709377473796843,0.670966478939039,-0.130545282662053,-0.660029975199434,0.739809678912704
0.97119475224029,-0.236223044216204,-0.0312957920837561,0.203456840300204,0.753685513334677,0.624950766960487,-0.124040587534797,-0.613316248252623,0.780036609572492
0.972204974460202,-0.233741705830832,-0.0135019476420571,0.194968812731411,0.776310000324287,0.599441361151038,-0.129632749322615,-0.585412331909568,0.800304786910125
0.972374711380651,-0.233423592054826,0.000920510519489314,0.190791956529536,0.797043339115325,0.57299244750304,-0.13448364209459,-0.556987739761043,0.819560130658427
0.972346216385234,-0.233290257586536,0.0108853661640408,0.189324214509324,0.814673727994509,0.548145107353842,-0.136744935122822,-0.530925957766934,0.836312411774164
0.975785050548407,-0.217408411013218,0.02402327927136,0.175741523216222,0.844647254760978,0.50565396472527,-0.130224621880365,-0.489187691837653,0.862401849493995
0.982442954218948,-0.180240022094348,0.0481599017957198,0.139947255625507,0.88269121874405,0.448632341673035,-0.123371825586045,-0.434015837023917,0.892417865052014
0.991113800882389,-0.104051104177443,0.0828661657126567,0.0608899242968589,0.908770179464571,0.412830689308648,-0.118261789347132,-0.404116479044576,0.907030330554071
0.996913919808563,-0.0770874811343666,0.0148376798821078,0.0588181852972598,0.858654880052317,0.509168162830981,-0.0519909373858792,-0.506724103644871,0.860539147985168
0.997934728162668,-0.0449353393315468,-0.0459030892866703,0.0634293329666067,0.802222467656434,0.593646217967092,0.0101487953133656,-0.595331779486346,0.803415878787136
0.993900890025928,-0.0840206428683546,-0.0714251522760342,0.11005017240468,0.714178369197093,0.691258429622872,-0.00706967887293081,-0.694902718762107,0.719069003015472
0.988334901737675,-0.116043451092582,-0.0986308241155004,0.149745102258108,0.622416540330564,0.768227866373408,-0.0277583565235391,-0.774035895667284,0.632532928677754
0.984181147711868,-0.165197861473667,-0.0640088669879177,0.158158716237555,0.656445505866817,0.737607699461812,-0.0798328814877573,-0.736063152448067,0.672188773070166
0.978491672331155,-0.203445425899062,-0.0341175300883138,0.166711402861377,0.682473914676178,0.711643635496422,-0.121496318193473,-0.702025152303906,0.701711714451247
0.962083557745747,-0.271329690548587,-0.0278464888647042,0.209639286807879,0.67028093669852,0.711881194670317,-0.174489533617257,-0.690726910526412,0.701747631084473
0.945837581062697,-0.323829568541283,-0.0229277296702425,0.242752098919205,0.658597848027406,0.712264201714496,-0.215552055707631,-0.679252004128096,0.701536902926837
0.930648013251022,-0.365487015485992,-0.0177064096605641,0.255916638382534,0.615534650471177,0.74540174957422,-0.261535752108404,-0.69823802215324,0.666380307923803
0.920404460159555,-0.390363301874244,-0.0217283747260545,0.266456459379322,0.585644711129456,0.765520233293105,-0.286105898180085,-0.710377902862929,0.643044827481438
0.914678771146489,-0.398411128151058,-0.0680537918072803,0.306025722860824,0.572671623855485,0.760523154268318,-0.264028412413244,-0.716460595005841,0.645734630666823
0.915442687331516,-0.397088697614925,-0.0654618395535436,0.319816013769462,0.619052384553419,0.717280881186258,-0.244299823061463,-0.677565282024698,0.693702302898678
0.921061978508013,-0.388032942629441,-0.0327912668440935,0.312586722582075,0.686497986471661,0.656513560740181,-0.23223775018782,-0.614939793804802,0.75360113945177
0.929475422164188,-0.368867953543798,-0.00344564088576229,0.296720861167813,0.74206403050546,0.601080448174637,-0.219162428670005,-0.55971189685266,0.799181094859646
0.935781561046559,-0.352482832266681,0.0082899313943253,0.282910912544413,0.764696524342373,0.578965146811085,-0.210414556455944,-0.53943959681873,0.81531014700879
0.946616834230369,-0.321854877425922,0.0180556647293437,0.256457749804485,0.785844521420164,0.562741335534481,-0.195309988779104,-0.52806990638651,0.826435830692286
0.958379286821988,-0.284089423256032,0.028325645352423,0.222058897484231,0.804102854733609,0.551460284206712,-0.179440766378948,-0.522218152311192,0.833720104566287
0.971452060531596,-0.233704393490082,0.0407817428802069,0.174499015858965,0.820374641417509,0.544550770069555,-0.160720215135394,-0.521888593650528,0.837735822478845
0.982834399833671,-0.178751111700351,0.045657229104209,0.125695637191095,0.829941354566064,0.543505248155131,-0.135044989891186,-0.528436739872367,0.838163147995874
0.994040993743724,-0.103709980776324,0.0335669874186432,0.0662981075055589,0.819632119839911,0.569041078541711,-0.0865278203710816,-0.563424731454085,0.821623702364849
0.99776145787827,-0.0662768436247776,0.00891365086621521,0.0469782594661796,0.789528764084725,0.611912880907383,-0.0475932380717714,-0.61012434034546,0.790874941446409
0.997409412642007,-0.0697703609613612,-0.0175088635966948,0.0634869101328381,0.739372923358124,0.670296272141391,-0.0338212331961927,-0.669671394742364,0.74188701784632
0.995535826138735,-0.0933174625846341,-0.0141516801486535,0.0761893801487874,0.706036740119512,0.704064840731275,-0.0557099383127277,-0.701999980611238,0.709994668990559
0.989882309348373,-0.141687731885237,0.00758948432694091,0.0959012323262353,0.707505619243707,0.700170516643544,-0.104575175244611,-0.692358567053081,0.713935324347215
0.978080632516257,-0.207978380295649,0.0101621664125265,0.139088031376351,0.688864353377148,0.711421409696203,-0.15496062669094,-0.694414066660434,0.702692185953188
0.963767840775315,-0.265944705545884,0.0206146229506727,0.167209446459453,0.662551672958417,0.730113882674974,-0.207828174466334,-0.70021332053319,0.683014462252356
0.947387931946398,-0.317389813600266,0.0414706236402749,0.186651274935704,0.653042198498626,0.733959936607548,-0.260033474705087,-0.6876042416993,0.677925511269438
0.935285077256123,-0.350633818364065,0.047934848298939,0.21259313515442,0.664955654671385,0.71598752517468,-0.28292398828523,-0.6594618281144,0.696465443588405
0.926563395735672,-0.373921447557782,0.0407802003314372,0.24791605583243,0.688641212844947,0.681403631654492,-0.282874358935679,-0.62125359639018,0.730770871086824
0.925263499263281,-0.378143165918141,0.0299199431896621,0.270189828047061,0.71236596981176,0.647713039759158,-0.266242208808007,-0.591221169380424,0.761296666960704
0.926812636537302,-0.375053077108532,0.0188022899189437,0.288591152304127,0.743401154568751,0.603382026743939,-0.240277929836576,-0.553795912532108,0.797230583768698
0.927732513161111,-0.372456966992051,0.0242526650669584,0.292072723985635,0.764892913804263,0.574136180984647,-0.232391712260526,-0.525561260131592,0.81840054613955
0.933623493298223,-0.357175266488524,0.0278029093886621,0.284380847104272,0.786067806714551,0.548839627803269,-0.217886912323524,-0.504502955646275,0.835465176522812
0.942227914637452,-0.334094926518494,0.0242309090328708,0.270089254572621,0.800518317419364,0.534997400031511,-0.198137203579649,-0.497544976409845,0.844506154511004
0.954684798455994,-0.29624570701395,0.0285555016212609,0.238191279705307,0.81805817171791,0.523493784068061,-0.178442847627428,-0.492969886262189,0.851550844852648
0.964894734689966,-0.259587962289756,0.0399028921487114,0.202065463767469,0.830798975322108,0.518596771062231,-0.16777276095963,-0.492328297417473,0.854087318862653
0.974362571046227,-0.217693454171078,0.0568079233492152,0.158194958434464,0.842453171217503,0.515021367936798,-0.159974795733903,-0.492830817133667,0.855292844827582
0.983032005786296,-0.166741936402518,0.076453922361832,0.102331170572688,0.844403899320448,0.52584254900269,-0.152237995024218,-0.509096436303734,0.847138956378376
0.991669652876943,-0.103878698180747,0.0761611162417827,0.0420652922904224,0.820038907085347,0.570759758611966,-0.12174485922388,-0.562801392082982,0.817577386136637
0.996739751534741,-0.0754217329820566,0.028660598466274,0.0398769045627527,0.769301441739648,0.637640278072043,-0.0701405745125795,-0.634418516384321,0.769800913142978
0.993242252670626,-0.10806730136682,0.0423235854467814,0.0532816781499384,0.748556018352328,0.660927341061054,-0.103106208752453,-0.654205889429163,0.749255473088381
0.985596770311898,-0.152066630936928,0.0739915272598599,0.066168839514309,0.749412265774692,0.658788995493832,-0.155629981135011,-0.644404372783065,0.748680381277606
0.977298250032088,-0.19350238705569,0.0862841624399648,0.0896320168990078,0.746625749407445,0.659178346025101,-0.191974560895011,-0.636480020523443,0.747020047551367
0.962800047048539,-0.256898545925504,0.0837807048471811,0.134133245008096,0.723531694340412,0.6771337828439,-0.234572679540749,-0.640706660170046,0.731074984954908
0.949332241497442,-0.30397918199135,0.0797806503439965,0.167417210754255,0.703991250342778,0.690194028505085,-0.26596949598912,-0.64186679019613,0.719212938458848
0.934112876716296,-0.3499925563121,0.0702733525522016,0.206173300222951,0.689646656399987,0.694175813170911,-0.291420150003361,-0.633950076774536,0.7163669425159
0.927797455259111,-0.368483671702794,0.0584094658693586,0.230549112177282,0.689354991251542,0.686758183723247,-0.293324033943663,-0.623706244737869,0.724535390016252
0.919961358057989,-0.390401735084765,0.0354624438371617,0.271575126590917,0.699953257103687,0.66053946777393,-0.282697807379587,-0.598040068149906,0.74995334960918
0.917212360335507,-0.397543068174526,0.0260958807889394,0.292361693436271,0.7161403025047,0.633772599076003,-0.270640215523936,-0.573674625615305,0.773079101817076
0.917997347930145,-0.395209488115024,0.0330201407792162,0.301035676106059,0.748605715909893,0.590734292062349,-0.258182863305422,-0.53235227304004,0.806190217308866
0.92160624602847,-0.385022743586443,0.0489838157198645,0.297527270660126,0.781873980867771,0.547860019763734,-0.24923773890574,-0.490337195165889,0.835134710416231
0.925687067579505,-0.373065104076378,0.0626568514732198,0.289366518290412,0.80499303953166,0.517931679276392,-0.243660565148611,-0.461311862438048,0.853124196448207
0.931127274936596,-0.358938044853239,0.0645405130602513,0.281121633904344,0.819158281497207,0.499950334338816,-0.232320091296681,-0.44737365793202,0.863645868031814
0.940923734715067,-0.333006377339345,0.0613944468268437,0.258370041630452,0.823232274410012,0.505503258107795,-0.21887769881312,-0.459777527746892,0.860637657752221
0.952941028435578,-0.295384562544894,0.0682008543517175,0.217631546317492,0.823182294157004,0.524411499334129,-0.211044797073038,-0.48489057610617,0.848729181088895
0.964850482606112,-0.248441256425119,0.0856766497983011,0.1643748793789,0.82489044322577,0.540866578468263,-0.20504742193923,-0.507772290284436,0.836733443801175
0.976593458960608,-0.185032789518979,0.109672616081586,0.0956320618785471,0.83023365611794,0.5491507852948,-0.192664798695069,-0.525808846494488,0.828495825150571
0.986916759219998,-0.116800761078032,0.111143567435493,0.0355549461814517,0.83003848490183,0.556571612089503,-0.157261426207222,-0.545338148118639,0.823331736321274
0.99257647867734,-0.087646109603851,0.0843213700540959,0.0228914127532279,0.815545878963747,0.578239485444751,-0.11944838717476,-0.572016677009123,0.811498000012809
0.994212674509905,-0.0904495074073301,0.0579658904325026,0.0350639601782589,0.783230973741649,0.620741299148305,-0.101546425542601,-0.615116353531167,0.781869679088556
0.99186420329002,-0.116511190728435,0.0512888356944826,0.0551384720129647,0.756342696557601,0.651847738561737,-0.11473949248593,-0.643716449843422,0.756613495164508
0.985805782935246,-0.155242478351249,0.0639275468541391,0.0754290674928298,0.749714273226619,0.657448830174215,-0.149991380114286,-0.643294863523442,0.750782461473207
0.975158134368869,-0.20617814272408,0.0809764560664122,0.103313704146819,0.746708999089941,0.657078343284545,-0.195941040901824,-0.632389313746641,0.749460382107928
0.965825633439142,-0.244221918072401,0.0868130204803265,0.127680293868057,0.739771576912352,0.660632845497693,-0.22556282572633,-0.626971824507011,0.74567267814015
0.950664909097725,-0.297148410918452,0.0891013608136969,0.163146123060381,0.723186814053059,0.671106678934245,-0.263855212456721,-0.623461028347742,0.735986938057324
0.935645220992748,-0.340614950740535,0.0924633752653064,0.19383951597503,0.714850521894714,0.671874224385354,-0.294947897907404,-0.610712851247522,0.734871111720366
0.93032164594217,-0.356580552995436,0.0857434797341453,0.22123272578809,0.732115516546761,0.64425379430147,-0.292502506197506,-0.580393986578892,0.75999020007579
0.929168720272088,-0.36160135185196,0.0767460201363184,0.24373914982852,0.755403329352515,0.608240936507898,-0.277914944018489,-0.546452442891393,0.790033550900992
0.929262380312324,-0.361940125376886,0.0739646819667181,0.256760895971841,0.776745463317574,0.575100276052189,-0.265603597181987,-0.515427813430485,0.814732409019218
0.929109856211723,-0.360848752694525,0.0808891387581554,0.266657426128703,0.805288681617676,0.529531827512644,-0.256220007377734,-0.470423550576787,0.844424650802002
0.936547260558828,-0.340646347604239,0.0827000278334052,0.259011862820067,0.831442006324437,0.491545567610647,-0.236203479352513,-0.438935366521185,0.866916178392514
0.943704929600151,-0.318144716529099,0.0905811525263035,0.243663539532861,0.853773542813834,0.460107397347001,-0.223716529006445,-0.412134294782336,0.88323056882876
0.950716431305331,-0.294621546924745,0.0966251071602294,0.223451339347642,0.867080227256473,0.445243055470388,-0.214959917635358,-0.401708879150727,0.890180998573699
0.959754909800056,-0.261611509013856,0.102127035921828,0.190508289825193,0.873666145579556,0.44767628659115,-0.206342202718119,-0.41020346709853,0.888344533926888
0.967591205542558,-0.22866766249306,0.107137104154721,0.152822318772974,0.868010162576385,0.472444384609414,-0.201028848281909,-0.44076009097249,0.874824522041062
0.975463023096927,-0.18435313294543,0.120357022827117,0.0970808669273215,0.8508231104992,0.516406177264666,-0.197603633183305,-0.492050766703671,0.847843645455391
0.981976148582359,-0.132821322636658,0.134466872754608,0.0347829934874121,0.826291106479864,0.562168258367845,-0.185776712694056,-0.547358660848014,0.816018081549214
0.990410346531536,-0.0832471862106138,0.110259926860561,-0.00298043594335658,0.785017361983484,0.619466591824029,-0.138124807637399,-0.613854744522274,0.77724120460937
0.993095158836114,-0.0848301892890722,0.081029898688404,0.0121735403335993,0.76151537210735,0.648032516900155,-0.116678234525635,-0.642571534562016,0.757289913149909
0.987393482267922,-0.12213783683669,0.100679988019867,0.0211215750143411,0.732048531951323,0.680924978200114,-0.156869341312253,-0.670214365468815,0.725399692635373
0.978897401060995,-0.173059725854306,0.10867478770746,0.0513354775250794,0.723000635966482,0.688937405820975,-0.19779925920817,-0.668820163929958,0.716627547180126
0.967990170189426,-0.230774917730528,0.0986811418818841,0.100764460426749,0.717416550687525,0.68931851586514,-0.229872908215715,-0.657309995470997,0.717706079061873
0.953036025588364,-0.288454598849796,0.0922836840028452,0.148686089491287,0.711098702062353,0.687190717862971,-0.263846130770422,-0.641196210475109,0.720591867113304
0.937849227412369,-0.334746642043639,0.09156152184476,0.185274688469714,0.706035522514266,0.683510885619576,-0.293448660679294,-0.624066123570664,0.724174949136611
0.92192960028165,-0.377341333135952,0.0875176006966433,0.224854867883006,0.705299826568149,0.672303832379568,-0.315414172975519,-0.600138044911437,0.735083822795773
0.913706723006354,-0.397725965139686,0.083391132542334,0.249581668054787,0.711171039058336,0.657225033132242,-0.320700818994866,-0.579698033340111,0.749066869403279
0.909181773182447,-0.409529154974371,0.0753284444203962,0.277156217539696,0.730178561130676,0.624518774693142,-0.310761861224809,-0.546923340232535,0.777368590513521
0.906751805182679,-0.416859206986811,0.0634788574903415,0.304836612063612,0.752065463597164,0.584356208497832,-0.291334522059318,-0.510515367070091,0.809010665097661
0.915169141283598,-0.395778890298665,0.0763184960294468,0.2974940049959,0.790995019075652,0.534625286335213,-0.271960952773994,-0.466568269164832,0.841636079534851
0.924214877440626,-0.370997582839182,0.0904856554647794,0.280773090957234,0.820784044126379,0.497473641816194,-0.258830700867821,-0.434366603728959,0.862746962818903
0.935776924225185,-0.340755787168513,0.0905927237631052,0.25900019893553,0.838648208532236,0.479153502832888,-0.239249754522355,-0.424917257635928,0.873043457752336
0.950151010905282,-0.299676951681126,0.0860626580276137,0.223074289020479,0.846234426026803,0.483864813543095,-0.21783231636669,-0.440546275478745,0.87090071828431
0.9629607477991,-0.25549985748313,0.0861766849228787,0.181329450811446,0.850149689618348,0.494333020857646,-0.199565098317857,-0.460396924477051,0.864990429695876
0.974155115823324,-0.207580411513113,0.0890628040839292,0.135063743182835,0.851340372463316,0.5069293397422,-0.181051361753196,-0.481798653972869,0.857374166532468
0.982416683033259,-0.161587407405244,0.0935252407961638,0.088313386891927,0.843542011687943,0.529752414070135,-0.164493788921057,-0.512178078685052,0.842980076348714
0.992247046816731,-0.0946605903893434,0.0805305576201772,0.0282729364513715,0.802910319056929,0.595428971932267,-0.121022473730677,-0.588535803650926,0.799361725799444
0.995068325095505,-0.0789389798652679,0.0600638481072953,0.0231894566484461,0.77388433332331,0.632902273449136,-0.0964431308698304,-0.628388157188347,0.771898339429136
0.993749997459812,-0.0953242708625077,0.0580880877043937,0.0325768051392038,0.745367300851941,0.665857596327935,-0.106769351012097,-0.659803660345427,0.743814113525168
0.989014690338216,-0.13065361633902,0.0691344692084844,0.0473876608222425,0.723263022187824,0.688944852900094,-0.140015541626631,-0.678100459573117,0.721509123178445
0.980047885957418,-0.181626576127601,0.0807336861202351,0.0752684598000155,0.715069976702231,0.694988911694572,-0.183958691530814,-0.675045713461864,0.714473571622515
0.969450061334035,-0.230221259466064,0.0846448478603052,0.107583282083961,0.709200121735818,0.696750331715705,-0.220436875307826,-0.66635828127199,0.712302060213756
0.954198963535815,-0.286315992732636,0.086761110485636,0.144642228080959,0.695361937904288,0.703953408379964,-0.261883492879853,-0.659162292322246,0.704927023554587
0.938566917932378,-0.333342850120703,0.0893010909021975,0.175745354270349,0.684398013970637,0.707610718492476,-0.296994462937116,-0.648445759294064,0.700936791899411
0.923846557627197,-0.373308562015868,0.0845473564697421,0.211801867716509,0.682570712629982,0.699454924274322,-0.318822061332298,-0.628281735995439,0.709658053869876
0.914686393991729,-0.397174449563632,0.0748415476873147,0.244894332343924,0.691959689902423,0.679130733758947,-0.321520709491988,-0.602863371058458,0.730191885194433
0.914375131865615,-0.396126863103763,0.0836757226040583,0.256350047683404,0.726423113996838,0.63764732611676,-0.31337321404111,-0.561598582422276,0.765770370896416
0.914202908872761,-0.394798694617538,0.0914714826427799,0.266143230522396,0.755104711832613,0.599153281736226,-0.305615481047155,-0.523403157132696,0.795391924052439
0.925026501292498,-0.368058600751298,0.0941214020271469,0.258877724112706,0.792015434541764,0.552895899248536,-0.278043694164758,-0.487077424913758,0.827917439286428
0.935281460241515,-0.339664755716931,0.0993802991153448,0.237091999970751,0.809843599920505,0.53660108760388,-0.262746976535159,-0.478310774906394,0.837963500953399
0.947087150527644,-0.303250658452443,0.105190149033008,0.208817787402792,0.831005172571716,0.515582713852255,-0.243764355412413,-0.466336189145999,0.850358452491158
0.962606762361772,-0.251645503066227,0.100313318367663,0.163986950993026,0.836021029187762,0.523619249703299,-0.215630473169721,-0.487589355444087,0.846026074951725
0.975742831507793,-0.196545126007783,0.0964154562491897,0.115614300548938,0.836623807947333,0.53543807997217,-0.185901211049672,-0.511302862712784,0.839053110543055
0.986398136375926,-0.13498294172704,0.0937993709830406,0.0607516448066098,0.82962243655722,0.555009775061802,-0.15273491482759,-0.541762141722339,0.826538461046449
0.993473264370257,-0.0829379695333318,0.0783081489449979,0.0180508615975388,0.792184463473863,0.610014706565517,-0.11262788010564,-0.604619772286944,0.788511186720007
0.996887946544352,-0.0672150051455426,0.0411893811299493,0.0208628298965273,0.728817822857259,0.684389745258002,-0.0760208153290408,-0.681400560734205,0.727951998051945
0.99514433609988,-0.0887302603310863,0.0425991928316147,0.0313279902283922,0.695834560338181,0.717518516602338,-0.0933075953852484,-0.712699940746839,0.695235562311707
0.988592370056989,-0.13974352269442,0.0561860634860423,0.0571698123817547,0.693280816401394,0.718396354502201,-0.139343957232951,-0.706989008029666,0.693361236375304
0.977624982357479,-0.203350050971079,0.0538344744619779,0.10340268470555,0.687426585974746,0.718855043587224,-0.183186458741422,-0.697204020115464,0.693072345191044
0.963232910663851,-0.263086871900043,0.0544762117616061,0.142019394655777,0.670713953962948,0.72799263972996,-0.22806326174036,-0.693489790691427,0.683417192387716
0.944229576716277,-0.322875072195628,0.0646698864145214,0.173706730192284,0.65524588669702,0.735172632687413,-0.279743593921477,-0.682938149264854,0.674788119292709
0.927334819344529,-0.367583485557769,0.0702318586999483,0.204567195647139,0.655052343471545,0.727364207105011,-0.313372614145387,-0.660143021214068,0.682648369401149
0.914059209151626,-0.399667923244828,0.0690022702109744,0.239234897470147,0.668687267650548,0.704005683154967,-0.327509428868164,-0.62699512694375,0.706834269678005
0.907988264897161,-0.413128498924172,0.0698724136244191,0.262626024581985,0.691094337847099,0.673361854731868,-0.32647340170572,-0.593054347907794,0.736003844016019
0.906949996611506,-0.414520896799014,0.0749274967106733,0.278227309812367,0.723039382276959,0.632300257592171,-0.316277200760599,-0.552617840639889,0.771091599283474
0.910603045031185,-0.40736515970916,0.0696830039182008,0.294055374377284,0.757106340303013,0.583370745129384,-0.290402360837113,-0.510728515092028,0.80921125343888
0.921896510230414,-0.382736720244151,0.0601616771851795,0.292033197588753,0.788501727125087,0.541277782498824,-0.254604469581883,-0.481432891790232,0.838688818794803
0.931356738562054,-0.358322402427566,0.0646504559426299,0.2772343880134,0.812980062460574,0.512059090481203,-0.236041775196443,-0.458986354873583,0.856513751437753
0.940945230933736,-0.331190993636298,0.0702466947069995,0.253634198440883,0.827014208425803,0.50171425377708,-0.224258256847563,-0.454268670277891,0.862176437534481
0.950576279270279,-0.301819895259836,0.0728662343888701,0.224256061313976,0.829701045595473,0.511180392720341,-0.214741603450785,-0.469575261021192,0.856379073765972
0.96150890137951,-0.264538610812438,0.0742964060866491,0.186322049300928,0.826436824509662,0.531306191417613,-0.201952287712393,-0.497012573768322,0.84391573927965
0.971717789661533,-0.224360987360532,0.0736660342757099,0.14580743264365,0.815430167646394,0.560190890927407,-0.185754488078136,-0.533606398989725,0.825081499681121
0.98200891901514,-0.173667941700335,0.0741480208790811,0.0966354483784384,0.799527022682645,0.592805305405513,-0.162234623590076,-0.574974769903684,0.80192514668315
0.989316414702294,-0.130359971312037,0.0652633854479026,0.0586666779424972,0.765822701453194,0.640370057730781,-0.133458804504566,-0.629699823581409,0.765288755752856
0.988714842699734,-0.138538326863035,0.0570095765221091,0.066298682932817,0.745889420408951,0.662761991338801,-0.134340777378326,-0.651502958175932,0.746656849577767
0.983744626052613,-0.166285798627263,0.0677904409743439,0.0758780122825734,0.727072038709951,0.682355316369852,-0.162754532854382,-0.666119571624381,0.727870646704689
0.975484744334772,-0.207867064173843,0.0722550842631266,0.104217748930261,0.725532842851712,0.680250508821141,-0.193825112867329,-0.65604373145032,0.729409657220622
0.962690064132984,-0.262361556918987,0.0662891685773421,0.150296138695693,0.722100200263932,0.675264667720705,-0.225030911460615,-0.640107580200261,0.734590617049639
0.947581493670561,-0.312923435428139,0.0645618804939814,0.189349075612714,0.712726705499172,0.675401784742169,-0.257364023161123,-0.627773499622393,0.734618399411676
0.927670695493093,-0.366189329485388,0.0730236653037992,0.225971077266824,0.706248536622717,0.670932244535274,-0.297261085516133,-0.605902945602109,0.737914268427205
0.911608548143753,-0.403500346616796,0.0784686257771989,0.257576746694823,0.709493403568221,0.655952231382203,-0.320349925102766,-0.577759967956681,0.750712558116185
0.897964578729084,-0.432385357014819,0.0818689097708398,0.291402812062779,0.723637722024461,0.625645944912258,-0.329763576626957,-0.537951066828959,0.775799351139056
0.892172830593452,-0.443031842708956,0.0880365077497586,0.308916424067649,0.740656413998437,0.596656282414115,-0.329542536392682,-0.505124601211308,0.797653341971933
0.891488344841134,-0.441683152865113,0.100819261490783,0.317601014232056,0.767992812487787,0.556162418476715,-0.32307603868313,-0.463792014207049,0.824935658573797
0.895721086277423,-0.432263629954244,0.104076365313035,0.324550473143821,0.795664719340081,0.511453462965685,-0.303892622450947,-0.424341617822538,0.852985032344434
0.905198042083219,-0.413006816969914,0.100209150006806,0.319690250803148,0.817081089154002,0.479767274090605,-0.280026156189251,-0.402248508863973,0.871654455025948
0.919148550922514,-0.380619788352539,0.101461904434674,0.295207631756545,0.836129705020758,0.462319770867082,-0.260803365564432,-0.394988218933638,0.88088927307233
0.934124478871684,-0.344146115526974,0.0947359970676377,0.266855054339345,0.849577480276784,0.454979653369352,-0.237065050031104,-0.399726851955489,0.885448251384294
0.950545658244249,-0.299732995908379,0.0813823245968887,0.229585640364746,0.854568650759544,0.465835652217947,-0.209173098966658,-0.4241138435642,0.881120912455201
0.964506198585338,-0.255934288505531,0.0650033295887719,0.192836504860276,0.850850397558605,0.488740916404219,-0.180393667526694,-0.458858628491968,0.870003956183383
0.976120389925149,-0.210225105993566,0.0547210122564258,0.152089237312712,0.841235039004456,0.518837617222198,-0.155105925953883,-0.498125500211708,0.853119650326274
0.98599961337574,-0.161016960029713,0.0433393701578624,0.104821519091989,0.800655804048006,0.589883660207237,-0.129681191998447,-0.577082162284565,0.806324355588265
0.988351246467658,-0.148455265399033,0.0335089209185812,0.0869739624229034,0.731645792735628,0.676113868984148,-0.1248893248692,-0.665323581535749,0.736034773897374
0.98467269434305,-0.170629305179091,0.0361292849264767,0.0957411695204186,0.701945868082927,0.705765985819781,-0.145785162050397,-0.691489434840046,0.70752317844049
0.976426393331699,-0.210012087180864,0.0498640315576959,0.109886950744591,0.682476310930517,0.722600126677769,-0.185785781106374,-0.700086429133295,0.68946547069602
0.967313431528019,-0.248223716445439,0.0518624312918459,0.137719944439573,0.685966240539786,0.714481303984417,-0.212927081624316,-0.683984870763766,0.697729714486366
0.950244801044314,-0.30858361964165,0.04255546706487,0.192775893321575,0.689860502438067,0.697803655858842,-0.244688113814956,-0.654880627950433,0.715023838828416
0.930791728880901,-0.36328498330515,0.0406297717428985,0.234140699107452,0.677848017433242,0.69692194561751,-0.280722087603339,-0.639176099495905,0.715995128031486
0.908024763717016,-0.415876071308268,0.050379775603478,0.266575970879196,0.666395119589312,0.696315155900947,-0.323153648016653,-0.618841367315362,0.715965838481685
0.893573945790834,-0.444983112244154,0.0592927754562494,0.287246573294468,0.668260786979523,0.686233871734771,-0.344985520760488,-0.596169061930435,0.724960302404621
0.879828531942955,-0.470788346806821,0.0652693411182097,0.317081152081635,0.683698381581221,0.657279290726401,-0.354063973560835,-0.557597395558945,0.750815454750495
0.879674079841751,-0.4706755209841,0.0681033567521673,0.332690574127359,0.711364146168069,0.619094527058172,-0.339838925288695,-0.521944063567083,0.782357910016704
0.888298339933795,-0.454182076830157,0.0681520385396359,0.33632806215068,0.744362734382898,0.576894751468569,-0.312745094095544,-0.489533206992396,0.813970359024767
0.897221798992501,-0.436449158299319,0.0671206051259666,0.338522031508826,0.777432379913582,0.530095961921084,-0.283541668182645,-0.452891848990152,0.845276934218889
0.903705798873246,-0.422040955837025,0.0720920292337315,0.328325253183854,0.791174767196096,0.515989356357241,-0.274806035604433,-0.44263293974621,0.853555928716451
0.917407322758267,-0.392037499494379,0.0683403478166647,0.306120189962395,0.804954345212619,0.508270529758228,-0.254271967481465,-0.445370745686689,0.858481604601745
0.929661244084539,-0.36285083762942,0.063790601806344,0.28038886715469,0.809164519790007,0.516366984894189,-0.23898128467078,-0.462160199005318,0.85398822944609
0.943921069910294,-0.323855727954742,0.0642688202031887,0.242160221274221,0.81138213589695,0.531993850321338,-0.224435828271304,-0.486596852659577,0.844305668564393
0.956753405800841,-0.282259496867554,0.0703739789735204,0.199946270449476,0.813792672537619,0.545676621322027,-0.211292237012709,-0.508006951283301,0.835035644763749
0.971888045304184,-0.220639000576773,0.0821709122457211,0.136799803611247,0.813237588154426,0.565623937740169,-0.191623174816449,-0.538482178569777,0.82055926186718
0.984498933240139,-0.160551430473379,0.0706051600237491,0.0801228661811743,0.769792448979644,0.633245538325249,-0.156019796064285,-0.617772469172002,0.770723685615789
0.987613767259944,-0.153420337651854,0.0328823161199536,0.0816739343610783,0.681607920867614,0.727145109765931,-0.133971695386017,-0.715452893072156,0.685695809109314
0.985211623874136,-0.17071441518181,0.0146507553532262,0.0958098237080833,0.619775177556115,0.778908985033752,-0.142051166360271,-0.765986499707676,0.626965827139939
0.978269006847177,-0.205760501790424,0.0255414593394715,0.1064579198239,0.604172497047983,0.789710266564625,-0.177922627984765,-0.769829987538649,0.61294806365404
0.968087135179431,-0.248445778421527,0.0328936754498981,0.133106989343186,0.620935454996325,0.772477630819493,-0.21234365563415,-0.74344727850267,0.634189495339443
0.950874004410726,-0.308512882016152,0.0256598785265599,0.183325915886766,0.627941264365637,0.756360613114645,-0.24945988916094,-0.71449952423845,0.653651431240565
0.932338809312477,-0.361019137228701,0.020236778509352,0.223379006002638,0.619083272684199,0.752886260440375,-0.284334599243683,-0.697424608138589,0.657839457341735
0.912821814684176,-0.406808316644194,0.0355433277255262,0.252544883082502,0.630781373052602,0.733713800768882,-0.320900945254969,-0.66077367753187,0.67852835638275
0.897702657530911,-0.438446073053849,0.0435313643893438,0.288027119408873,0.658734691898754,0.695060417643012,-0.333422130559694,-0.611419370573677,0.717632242963151
0.893161467571249,-0.447040180414855,0.0491698072054991,0.304429644359307,0.681437846577041,0.66555619814386,-0.33103653043318,-0.579480403764526,0.744726310245357
0.88976178438009,-0.452906392497252,0.0565664802854381,0.323057838253328,0.712466668508163,0.622916430516938,-0.32242456513089,-0.535972989897815,0.780240574374438
0.895860925754191,-0.440709965597477,0.0566385728096593,0.334089219622455,0.752130066971355,0.568053479603568,-0.292946403014107,-0.489974579525034,0.82104038657082
0.907246881956184,-0.417548973674142,0.0505564018147314,0.330574980810498,0.782209847339523,0.52807947961194,-0.260044760075877,-0.462385779743224,0.847688688993978
0.915829633432145,-0.398345433691267,0.0507641407379125,0.315627752604859,0.792212949155729,0.522281308277049,-0.248264383899802,-0.462298127453808,0.851260968821873
0.927036410457413,-0.371158503513273,0.0533372192378165,0.289546323265275,0.798944073428988,0.52711601589807,-0.238257046841843,-0.473212143549256,0.848117826028743
0.938058103626717,-0.342064271579101,0.0551273827540092,0.261832094033516,0.804059882131505,0.533789902939997,-0.226916171204856,-0.486291826021914,0.843818292756207
0.952410880858426,-0.29947258334122,0.0568303250862822,0.221021089032399,0.806871119270252,0.547821754853257,-0.209912344147286,-0.509190699752564,0.834662589948827
0.964638406939102,-0.257640777739743,0.0556234977653582,0.181607398811945,0.802624662660989,0.568165824020674,-0.191027475915773,-0.537972936618556,0.821032047432532
0.977708774783051,-0.205709899003538,0.0420593528739981,0.13178344487023,0.757160099972339,0.639798176511945,-0.163458482099768,-0.619993564855176,0.767391232793162
0.980489959012137,-0.194342775463315,0.0295012864396314,0.117607232544019,0.700238062113549,0.704155661214761,-0.157505489205027,-0.686947990747972,0.709432504807616
0.977708698322466,-0.208069308581929,0.028157841728844,0.123731984384877,0.679301965667739,0.723352773880162,-0.169635188757431,-0.703744273345213,0.689904269061329
0.969876008202983,-0.240836970225723,0.0365798097964116,0.137904509247761,0.666617592156309,0.732532137286042,-0.200805565264963,-0.705420824473035,0.679748913466142
0.958170057236532,-0.283523514385181,0.0390455913774662,0.167687460453837,0.666711187101873,0.726207345459788,-0.231928991335458,-0.68928267770479,0.686366034411836
0.942214667149351,-0.333464792429137,0.0321364780091033,0.208290232593374,0.658246592498704,0.723413161664924,-0.262386546939502,-0.674916776850329,0.689667053230127
0.922369897644056,-0.38558087280085,0.0236888676434204,0.247801414279401,0.637593725555363,0.729430394358201,-0.29635828147906,-0.66693450327792,0.683644744978129
0.903061587388515,-0.428912477801445,0.0226683870083523,0.277839419464531,0.623600371404668,0.730703656604763,-0.327543930450479,-0.653572232557492,0.682318335130214
0.885143424370377,-0.465038328439754,0.0161391256219737,0.313175837752816,0.621027382850845,0.718502529151603,-0.344154054082913,-0.630923404884767,0.695337072380659
0.872071770924875,-0.489358814727421,0.00433322103355202,0.348628043355065,0.627444921332161,0.696255239176622,-0.343437496121741,-0.605673857074127,0.717781209780932
0.863859303392801,-0.503730167592499,-0.00173844727758544,0.373623984913151,0.638414624428642,0.672927845473236,-0.337864206212084,-0.581964505423542,0.739706085271583
0.862482113483114,-0.505962080983854,0.0112683862282279,0.388796870333218,0.676682926694233,0.62524971838428,-0.323977773220317,-0.534885585267555,0.780343394366986
0.868735564342149,-0.494486850956951,0.0279512696993598,0.384210055477881,0.708460016825404,0.592002565728757,-0.312539841487148,-0.503554524148503,0.805451232969918
0.881597894104836,-0.469952312498873,0.0439315044914258,0.369453662858602,0.744990630627287,0.555421417734245,-0.293750138911084,-0.473427696965987,0.830407774310429
0.900771164705397,-0.431168320738393,0.0520114220812812,0.345798029046854,0.784513770748891,0.514744467296799,-0.262745184432738,-0.445681526088966,0.85576453850368
0.920848375217256,-0.386976525045215,0.0478271776678168,0.313155706356851,0.807054241428092,0.500596599038654,-0.232318258937778,-0.445996211258409,0.864358493975309
