1,0,0,0,1,0,0,0,1
0.965226820917094,0.245408247505819,-0.0900665100822901,-0.252126553981575,0.964956961337656,-0.072734197894615,0.0690607338482351,0.0929131574219685,0.993276275876064
0.964574560401834,0.234525622035337,-0.12080418053423,-0.210455170975524,0.960191903643426,0.183684863794695,0.159074003015174,-0.151753882278349,0.975533813241846
0.988358293571932,0.146192543362844,-0.0421381512727157,-0.11147141469477,0.88430795098529,0.453402218267781,0.103547125665206,-0.443426643413881,0.890309387054395
0.998066312493993,0.0620449640221971,-0.00374944050854423,-0.0509050542868454,0.850503406982707,0.523500363093342,0.0356694731205294,-0.522297211509205,0.852017201432584
0.998136178028089,-0.0606743005004291,0.00654212276427541,0.0467632920770041,0.829326625071269,0.556803864446018,-0.0392092415840962,-0.555460149971789,0.83061823792144
0.990083121029596,-0.140430809070344,-0.00382116685629394,0.118866490972018,0.822930434873523,0.555568408643682,-0.0748743666169813,-0.550513112671008,0.831462050848374
0.976683967637038,-0.21456442754712,-0.00710871241161544,0.187182763649303,0.834895714304798,0.517601931244553,-0.105123928548088,-0.506864136299717,0.855592021339469
0.960367582687991,-0.278689806106628,0.00510862939300018,0.244425818878018,0.850820116351299,0.465146373389895,-0.133978077265779,-0.445462817285811,0.885219042513181
0.933670585733231,-0.357780772319244,-0.0158794299397443,0.333100868855346,0.851270794542335,0.405440310683428,-0.131541052543985,-0.383837144265516,0.913983587477212
0.916630981560761,-0.398516619127658,-0.0311792867464516,0.382994579771054,0.853233078859218,0.353989357193707,-0.1144674430087,-0.336419109771549,0.934729579649413
0.903543671174361,-0.426079102081766,-0.0454470356563985,0.417325654101321,0.850966456593559,0.318897143576902,-0.0972015056964797,-0.307103709716764,0.946699096211958
0.90244664931425,-0.423064654410253,-0.0812794151690101,0.426895953107893,0.852856610232958,0.300658356946971,-0.0578782373745652,-0.306025980221748,0.950262179120968
0.903016263963723,-0.420793855055594,-0.0865688082651671,0.428373503418852,0.866699330576583,0.255594233007635,-0.0325233544650276,-0.267889533064573,0.962900529384415
0.909914014778711,-0.411110925530949,-0.0551751086847504,0.412653989203126,0.883665700603209,0.221024014016997,-0.0421090358953246,-0.22388107666019,0.973706368783444
0.927928080339922,-0.372004707371312,-0.0237060205486493,0.36961061072571,0.909978931568723,0.187953027482964,-0.0483474317377458,-0.183168888719205,0.981891890204688
0.950609147664654,-0.310076057992168,0.0139673417771064,0.304154771947283,0.939542561334625,0.157320215301365,-0.0619041442714248,-0.145301802125124,0.987448866129894
0.975676076321454,-0.213754721497921,0.0486324288034196,0.204607139282243,0.967592270970435,0.147990255466406,-0.0786899780703364,-0.134440009653458,0.987792372493161
0.998847086240405,-0.0454125461695997,0.0155627426711252,0.0403706499880403,0.97004413068582,0.239550819538435,-0.0259751598377532,-0.238646360065236,0.970759087466616
0.999580551984528,0.0104816715246211,-0.0269973083168779,0.000684224890451576,0.923398570392914,0.383841910208645,0.028952580724452,-0.383699380711479,0.923004080874522
0.997956159103884,-0.0623953422383268,-0.0137958607410456,0.0592735384471567,0.823169943586877,0.564692740891124,-0.0238778589194614,-0.564356328255597,0.825185907908808
0.993844677008221,-0.104335366089075,-0.0372409635412942,0.106025689977873,0.798368232034635,0.592761941374957,-0.0321140319352976,-0.593061799023466,0.804516246878774
0.986036617663862,-0.161932124465641,-0.038855832149824,0.152668554434708,0.785823378471392,0.599311213256205,-0.066513916685366,-0.596874865372845,0.79957256954783
0.977584799819008,-0.208877156966542,-0.0264252239423852,0.18291985010841,0.780466454448528,0.59783981292388,-0.104251079606627,-0.589272811843646,0.801179920880906
0.962739616855331,-0.26955862214467,-0.0216928413242362,0.230021515063604,0.774063272342276,0.589844176896417,-0.142205951862415,-0.572856177097039,0.807225660900761
0.944605602346862,-0.327255727514196,-0.0249788875668316,0.28018674788328,0.764423710771042,0.580647721705357,-0.170925838671377,-0.555481844185914,0.813771637779483
0.917792855208015,-0.393676993690595,-0.0517174976952141,0.350932461665874,0.743327948112267,0.56948219366749,-0.185748976520058,-0.54081603729359,0.820375116350934
0.899084736200803,-0.430923555747637,-0.0771461355645651,0.397870373872449,0.730835124813611,0.554598220275968,-0.182608331478414,-0.529324956374141,0.828534421635084
0.891821194745423,-0.446229275738078,-0.0743934814154916,0.414824288537785,0.741027819730867,0.528013806660429,-0.180487579190278,-0.501754126898013,0.845971057364757
0.890181502584381,-0.450394466846029,-0.0687147487159461,0.422606231321179,0.759905732178305,0.493910165365184,-0.170237674165047,-0.468708974137508,0.86679353473468
0.894078022811381,-0.440899721653465,-0.0789425396829169,0.426025998290489,0.782662782615031,0.453807026708368,-0.138298003985177,-0.439370463453331,0.887596337271916
0.906293614848084,-0.414953043247299,-0.0802860858766831,0.407995411190624,0.8093570557718,0.422469999786726,-0.110325102007593,-0.415638217891725,0.90281406928271
0.928431610968164,-0.366695072440417,-0.0595774084949846,0.359498468067978,0.846363332358529,0.392975776728978,-0.0936781469278611,-0.386269120545357,0.917616788916418
0.9464037643551,-0.320013222113133,-0.0437201611075221,0.312115267597181,0.871310633178201,0.378684354368309,-0.0830901591479862,-0.372034028260015,0.924492675616951
0.973661032568461,-0.226020420800158,-0.0299827123362619,0.221399282341868,0.905846442682832,0.361143434188363,-0.0544660576526821,-0.358269440031072,0.932028141690795
0.995757053062729,-0.088241551341149,-0.0261021051399667,0.0917082807819272,0.928241262561283,0.360496532181183,-0.00758172222214194,-0.361360743711243,0.932395265106276
0.999991381916875,0.00344271929769662,-0.00232029649326038,-0.00223946978962213,0.917909621574714,0.396783204528148,0.00349583567130076,-0.396774588783609,0.917909420819155
0.999005448404364,-0.0402738384056288,-0.0191345759941158,0.044494026602921,0.872545577963739,0.486502308291115,-0.0028975256782049,-0.486869830977441,0.873469731604331
0.996103363141884,-0.0858872691041309,-0.0200366400192945,0.0831981365810814,0.83973577293119,0.536583545898579,-0.0292602120098937,-0.536159685789123,0.843609288312809
0.99118830686667,-0.131922753156077,-0.0119217251480358,0.115757208449374,0.818934503288725,0.562091227484701,-0.064389510192209,-0.558518277698207,0.826989313385751
0.984250932140308,-0.176226337343901,-0.0139420445878088,0.149767270836433,0.789370790947837,0.595368389305809,-0.0939141478539919,-0.588079954108912,0.803331874388237
0.96970145663282,-0.240032523998053,-0.0454254601221792,0.214099350693036,0.745480978761031,0.631204862416565,-0.117645879813139,-0.621805836036153,0.774284798529826
0.950984828529645,-0.2971779931618,-0.0855166433319667,0.28028963249567,0.711525479586551,0.644336258342312,-0.130635285516141,-0.636723434686877,0.759945846688211
0.930877499611478,-0.346990725376809,-0.11430011907062,0.33648023741259,0.692460240274611,0.638184820776548,-0.142295925970665,-0.632531621455642,0.761351178701949
0.91650380338207,-0.38359458536155,-0.113472342301992,0.366838022710754,0.692817546000924,0.620833079858766,-0.159532578114514,-0.610621848638384,0.775686995176262
0.907288329870316,-0.409427386580024,-0.0959015203184239,0.382085244957892,0.707419370371355,0.59461643099469,-0.175609658238382,-0.576131104473319,0.798269502356035
0.901198248837983,-0.424450152746776,-0.0876571966503134,0.395526569553795,0.722743285954892,0.566745864902544,-0.177201718581847,-0.545421131274141,0.819216296524474
0.892613788786139,-0.440418729591956,-0.096291051990632,0.421847480145537,0.740632983800164,0.522979432484803,-0.159013608108601,-0.507438790330295,0.846888745057113
0.889888595642271,-0.444613607638899,-0.102063839081972,0.432559029768567,0.751363942673081,0.498342162992897,-0.144882618389863,-0.487617642782833,0.860951834503772
0.892058249683834,-0.44272016049964,-0.0907245207107121,0.430653582836129,0.771913535529539,0.467639802900365,-0.137002083055041,-0.456232783952951,0.879250860724696
0.898239916981951,-0.433489782261228,-0.0724683393998512,0.417624914636442,0.790461618662898,0.448062339519553,-0.136947005133969,-0.432732062708489,0.891060312037795
0.917370612883449,-0.396280830201603,-0.0373183900051231,0.374511830255152,0.827602478957777,0.418108868384633,-0.134803737399162,-0.39753696738501,0.907630052359191
0.943530438208232,-0.331257769287539,0.00431305706278087,0.305046959963141,0.873804229503179,0.378698456188564,-0.129215573333205,-0.355997835371227,0.925510063056676
0.967067412269867,-0.25213876817651,0.034737036547416,0.223257601196278,0.905879997872726,0.359913146414791,-0.122215643981235,-0.340304967693014,0.932338921921481
0.98817543651608,-0.150054521487786,0.0315110654743165,0.124987785681,0.90737410788163,0.401310704786924,-0.0888108106978857,-0.39262688258331,0.915399787511498
0.993272428464275,-0.115714124497926,0.00448600539023809,0.0993542261108976,0.871461631795034,0.480295078116612,-0.0594863060425446,-0.476618155026449,0.877095498616084
0.991531676889469,-0.128541690289611,-0.0184923655124941,0.119116655175301,0.843475273533415,0.523794506841738,-0.0517315782149192,-0.521561594440408,0.851643908579268
0.989251760353221,-0.144318385616436,-0.0235193157026325,0.134049222896021,0.830835902725923,0.540131936273513,-0.0584102771695803,-0.53747921477455,0.841251646777768
0.984350129597337,-0.174981035659084,-0.0208916136615045,0.155862800785727,0.809159939748068,0.566539477210664,-0.082229007612495,-0.56092943323254,0.823769725858195
0.976842752895298,-0.212111479694199,-0.0280527413611329,0.187793079896707,0.787152473145922,0.587473185058832,-0.102528021822554,-0.57913703404479,0.808757256869426
0.96432559982649,-0.259475948894522,-0.0524248935580071,0.236366051609102,0.754816307602026,0.611868802460762,-0.119194073535577,-0.602432215044424,0.789219994114863
0.947602340701808,-0.309799019452736,-0.0779382540385554,0.285705930517502,0.712748418788488,0.640594889756107,-0.142905301383759,-0.629296638367498,0.763913487101638
0.927544164608853,-0.358360958417739,-0.106015311073381,0.334818726988692,0.670856339553058,0.661700983631689,-0.166006755156945,-0.64925279757841,0.742234842943169
0.91073113719874,-0.3923395898389,-0.128990084819474,0.372544393064484,0.645611797009102,0.666630394415747,-0.178267975062561,-0.655175590057904,0.734142680450723
0.900069813729428,-0.412967270412199,-0.139040871621874,0.39382435076493,0.634394373631389,0.665166264515436,-0.186485149965497,-0.653453756797783,0.733635792862651
0.889559118897874,-0.434970407785589,-0.139589821751007,0.414366310166756,0.639655792703723,0.647411019260068,-0.192315196966923,-0.63375169523356,0.749248726261289
0.884303077453056,-0.448954052712438,-0.128251026351188,0.424773686618514,0.659513957579781,0.620168247263573,-0.193843706020009,-0.602894350869647,0.773914090404029
0.883824797278256,-0.455590521833823,-0.106259136695327,0.42484445592524,0.68656335557815,0.590032157637919,-0.195859429146614,-0.566628657228397,0.800356825935724
0.885886013806989,-0.456862469605058,-0.0805149328232413,0.418187578726177,0.711336937086347,0.564906108070848,-0.200811153924032,-0.534112765062755,0.821217653644098
0.892823761781364,-0.447425895242743,-0.0517281225718175,0.401188021307503,0.737795047187557,0.542868897529489,-0.204728849842774,-0.505438954386919,0.838222859047827
0.904829910975359,-0.425115792156481,-0.0236515425182322,0.373775408166571,0.766498306325479,0.522276067468237,-0.203898936863921,-0.481411372590366,0.852448423006591
0.925545393625352,-0.378459535725317,0.0115803349463484,0.323928940002219,0.807282483598614,0.493320416670437,-0.196050417413305,-0.45283923360662,0.869770580290365
0.947337666337784,-0.317509210550181,0.041704282195987,0.261941205502373,0.843204704285631,0.469459936022815,-0.184223100608054,-0.43381301027791,0.881968322172613
0.970897522183595,-0.230063958468742,0.0665475501536233,0.17532128970732,0.872049315713234,0.456938109966156,-0.163157735927898,-0.4319728764376,0.88700562976179
0.986205992613958,-0.153456074956387,0.0620400934178741,0.107635822048577,0.87930158335716,0.463943159576169,-0.125746848645386,-0.450865787751267,0.883689861598052
0.991563144770475,-0.12284324763005,0.0413771246534656,0.0829355557836417,0.846546523963631,0.52581429835252,-0.0996203971069402,-0.517946444409841,0.849592406512358
0.990938132673372,-0.131726268723159,0.0262641836363887,0.094783765694129,0.824315077340579,0.558140386488772,-0.0951717131013844,-0.550593174128838,0.829330755264798
0.987615671956925,-0.155398944360777,0.0215975136677455,0.114553771148134,0.808295226692907,0.577525982117865,-0.107204095168111,-0.567899634263854,0.816086568558856
0.984055240185489,-0.17611340364298,0.0248868101765925,0.128223644882543,0.799407515670001,0.586946608119813,-0.123263868008903,-0.574396807919057,0.809243057366502
0.977680704049199,-0.209321601295062,0.0180252090455181,0.15907542369433,0.793570629196855,0.587316495641471,-0.137242305818333,-0.571340637192366,0.809156613880335
0.971100212096631,-0.238670891501423,-0.000763947508651528,0.192338104280885,0.780678914039022,0.59459775211187,-0.141316777869845,-0.5775609394036,0.804022965821075
0.960265333079769,-0.278309393610712,-0.0208415813516736,0.229440992359039,0.744721206021108,0.626695425488143,-0.158894056246607,-0.606575804603599,0.778985540404312
0.952008203384654,-0.304581570465964,-0.0301736245885561,0.259107892978167,0.749527939113866,0.609155947425728,-0.162921700472154,-0.587739683380499,0.792476235665811
0.943094107033747,-0.33026389555774,-0.0387203379278607,0.288028343547015,0.753145408669681,0.591448786213432,-0.166172135425238,-0.568944419685092,0.80541235942678
0.939056656440041,-0.342160496684249,-0.0331480090569579,0.301579703712491,0.773706038297485,0.557161241123875,-0.164991752231249,-0.533202738937825,0.829742466603262
0.934928203632253,-0.353805764437254,-0.0270321124579696,0.315082187658153,0.792732306264457,0.521822484783079,-0.163194574277218,-0.496383895443441,0.852625685322037
0.936501824572072,-0.350592704955023,-0.00700626901438661,0.311651430212713,0.822990999146666,0.474930733233746,-0.160741154094251,-0.446957011977543,0.879995290228621
0.939892369247672,-0.341185428243582,0.0139584305795014,0.300972818850352,0.847039050585093,0.438109813970399,-0.161300020282925,-0.407574962845055,0.898813080188857
0.947261731382293,-0.318482076574616,0.035558109614302,0.27829488445076,0.872558626294282,0.4014889798836,-0.158893579313829,-0.370419506209049,0.915173327776047
0.95870346446035,-0.279429809678178,0.0529778132329011,0.241699088189794,0.898654694990499,0.366061866273661,-0.149897358215364,-0.338140090250698,0.929081299653214
0.972262378159789,-0.224123448767158,0.0668920602746499,0.189570702011627,0.922623366354166,0.335900391181858,-0.136999331946878,-0.313902538330007,0.939519227837349
0.985215504823165,-0.154032510830782,0.0749959643127771,0.121859037652795,0.937762021354184,0.325196504052626,-0.120419201119974,-0.311249701867937,0.942667936809536
0.994805371050125,-0.078997155036742,0.0642006481737208,0.0506817500990341,0.931325491210878,0.360644131558683,-0.0882815605702794,-0.355516917905349,0.930491314922583
0.99786787520651,-0.0495959541959197,0.0424257581929149,0.0257526618512486,0.896497540813349,0.442299626636959,-0.0599708599106487,-0.440264012432329,0.895863324016875
0.997894663331436,-0.0598338266794008,0.0250230709454597,0.0396656344463307,0.868310547218662,0.494432433233094,-0.0513115809404866,-0.492398930516433,0.868855807880491
0.996729533511138,-0.077670238562574,0.0223063010896867,0.055170652459847,0.855742658691471,0.514451845368259,-0.0590460509587697,-0.511538694662764,0.85722909874134
0.994737685691743,-0.0996231345809481,0.0239200276108263,0.0714569356610425,0.841918734567712,0.534852083037765,-0.073422360426303,-0.530328271394396,0.844607057482509
0.992193348616518,-0.123630546967893,0.016366026321704,0.0940396561437162,0.82790779921088,0.55292424352543,-0.0819078874926863,-0.547068701227019,0.833070785770494
0.98457331224383,-0.174784011093973,-0.00812048539902989,0.145530695129201,0.792255502815368,0.592580825739392,-0.0971401543771962,-0.584621046255324,0.805470063182304
0.974426538084106,-0.222080167307927,-0.0342537759364952,0.19375512112163,0.753184165582795,0.628627525450876,-0.11380630437971,-0.619188187874924,0.776951808724069
0.964313359811434,-0.259741138789956,-0.0513252852820306,0.231154356292205,0.73140703783246,0.641569488501662,-0.129102314682275,-0.630538092290421,0.765345873781544
0.954238199834132,-0.293218334212651,-0.0587576927633684,0.26207732777878,0.72533529050329,0.636556510150389,-0.144031011388695,-0.622825597444474,0.768988519372223
0.947263772530418,-0.315151886449573,-0.0580571590651569,0.280827782449534,0.7291203468124,0.624114794303615,-0.154360298833341,-0.607505397779676,0.779172695756622
0.941767472920987,-0.33165263459491,-0.0555027649245891,0.295825390419305,0.73866887339062,0.605686085251345,-0.159879221074175,-0.586834580993731,0.793765588331107
0.939455503249734,-0.338788831636785,-0.0514342781807191,0.302445879973818,0.749221055256938,0.58923195776073,-0.161089562357876,-0.569113290934118,0.806325129821393
0.940081039435345,-0.338584837537416,-0.0400992155025975,0.29922255811758,0.762921094247106,0.573077014603073,-0.163442650516116,-0.550737425405756,0.818519876514741
0.943684902180409,-0.329860571925258,-0.0255109483535034,0.287278869831048,0.778731595370706,0.557716732149926,-0.164102578728517,-0.533637616234592,0.829639221706709
0.95105182324133,-0.308978217818681,-0.00573501725675533,0.263718361191301,0.801785558480054,0.536276555690628,-0.16109952042113,-0.511539225403507,0.844022846487974
0.960242889851419,-0.278854545188991,0.0131808617790385,0.232842399814843,0.826058472611141,0.513236608861659,-0.154006523687349,-0.489762740982602,0.858145936427452
0.972502398201494,-0.230334445107848,0.0344257009979913,0.185819406197441,0.856519381384696,0.481503580041529,-0.140393140048841,-0.461866423015614,0.875767762319434
0.983037557159306,-0.175453830621985,0.0534145535817442,0.132425740981986,0.880518951844759,0.455137120621445,-0.126888078004346,-0.440343421390941,0.888817802982188
0.992410052226199,-0.101398489246351,0.0695746693772435,0.0600672661540369,0.893394066271358,0.445240346204059,-0.107304295241034,-0.437681835046518,0.892703982008111
0.99608420153322,-0.0566963094690576,0.0678365089646999,0.0188933657004502,0.886081085290935,0.463145064771448,-0.0863672634071381,-0.460049822065206,0.883682554444374
0.997175681194391,-0.0430126556809187,0.0615676236814309,0.00620392349209611,0.86413387622698,0.503223762644651,-0.0748476597350094,-0.501420537481473,0.861960133894824
0.996353591974054,-0.058035949216464,0.0625407735716939,0.0176019978110674,0.857064676980175,0.514908058925016,-0.0834846658582342,-0.511929651486816,0.854961018114351
0.994737512374056,-0.0808299441834445,0.0629587293326202,0.0370204779208691,0.856538135598552,0.514754219487191,-0.0955341074715583,-0.509714569527552,0.855022977422803
0.991865849015789,-0.116179228792198,0.0520050416155918,0.0723016042782982,0.850483825881098,0.521008387584533,-0.104759799422172,-0.513010378756512,0.851965806657243
0.986404442980272,-0.160925780391116,0.0333041750279419,0.116680059290988,0.828534842440589,0.547645668864276,-0.115723976049188,-0.536314187829726,0.83604727934484
0.977588784823416,-0.210019372572215,0.0145612819439762,0.163019309197507,0.798950543311134,0.578880587143507,-0.133209881826561,-0.563533399619949,0.815282303804356
0.968846237827766,-0.247662651995913,0.000422200588058632,0.200397718025242,0.784947153653577,0.58625823711179,-0.145525674907422,-0.567909479386899,0.810124127010942
0.958261949630995,-0.285598375762889,-0.0129461828739665,0.240884472672013,0.782188081317453,0.574592443624565,-0.153976318682232,-0.553728609705623,0.818337289923016
0.949554938468557,-0.3130319474422,-0.0188790548100354,0.269253602260205,0.782934065885005,0.560817926021163,-0.160772872400413,-0.537610684749958,0.827723888227712
0.942361036110102,-0.333859690010516,-0.0222122715537713,0.290778711155201,0.784299000955035,0.5480171696579,-0.165539779993862,-0.522888883499178,0.836172109528037
0.936227673847113,-0.35026785554901,-0.0281099998563456,0.309662886472313,0.784587060751347,0.537151785665094,-0.166092261904222,-0.511600990490306,0.843017074005549
0.932265348617421,-0.360477816433843,-0.0306114950031645,0.321937154901173,0.788030196171953,0.524752206489246,-0.165038747151624,-0.499063276329048,0.850704448182998
0.931639727363091,-0.362623535687776,-0.0234859482270453,0.323453958962857,0.798080864040546,0.508374341291485,-0.16560481523821,-0.481218355653224,0.860815856819753
0.934203913427105,-0.356611559130532,-0.00955217420142372,0.315942071758404,0.814635657576962,0.486363395720894,-0.165661267140181,-0.457380521337149,0.873704414130355
0.93997226288946,-0.341200264133887,0.00587577683666412,0.299983092172013,0.834385996146338,0.462396100595368,-0.162672337566612,-0.432876875323514,0.88665400320574
0.949513444969146,-0.312863433982833,0.0232527310072648,0.272173554087621,0.858347871364935,0.434925842160016,-0.156031324669565,-0.406639156254973,0.900165997092817
0.95832295131066,-0.283464370277253,0.0355678474826341,0.243941142593543,0.876720823475453,0.414551946847053,-0.148693779094433,-0.388598183819541,0.909330309398499
0.973143480202328,-0.226101149874216,0.043243924027096,0.188327387341472,0.889989325984143,0.415273156863559,-0.132380369076531,-0.395976349874395,0.908668348861845
0.985442040555928,-0.161943285629598,0.0517528447958278,0.126204566140713,0.900769183858065,0.415556596502704,-0.113913968371772,-0.402975495100095,0.908093804713273
0.989372487696657,-0.139491583117107,0.0410387478904192,0.106850986935845,0.888912248122916,0.445441221406259,-0.0986151468069985,-0.436322258630644,0.894370135594703
0.989281266619398,-0.142586111753517,0.0314924792757766,0.110984552527227,0.874364489702567,0.472407841009759,-0.0948947027828882,-0.463849048594674,0.880817265669539
0.987707571850933,-0.153078518912592,0.0316341517329555,0.120030949345361,0.87239456889988,0.47383571768414,-0.100131532034558,-0.464214048905803,0.880044881293501
0.984620161494657,-0.171229399490359,0.0346933758577658,0.135498147497306,0.873785968946151,0.467052815533355,-0.110287758173949,-0.455168730497831,0.883548548283544
0.980512036121354,-0.193951134151114,0.0312906468877645,0.156037822431941,0.865604210066618,0.475795701415687,-0.119366431595554,-0.461640887570029,0.87899905911878
0.972018300108339,-0.234554018150084,0.0128388793960244,0.195293705264653,0.837274461600646,0.51071699074473,-0.130540388150557,-0.493918908851442,0.859653022178426
0.962770032170057,-0.270288115723367,-0.00426610524722355,0.229585057038126,0.809250303452354,0.540744531130064,-0.142704473440985,-0.521592063648388,0.841176053153528
0.948772700368942,-0.315003739725624,-0.024556200713848,0.274011012139647,0.781623437391015,0.560341652340124,-0.157316013999953,-0.538365532031839,0.827897472915119
0.937975506015269,-0.344876100231469,-0.0355306291041192,0.304696100812739,0.771097380542224,0.559078810071027,-0.165415344708142,-0.535228273926234,0.828352858705172
0.927075821593176,-0.372761806279247,-0.039737347631313,0.332298169308201,0.768089642340026,0.54737211109481,-0.173517571708909,-0.520660097481461,0.8359454020442
0.919979482839772,-0.389817613995886,-0.0409875465528335,0.349587129270727,0.768719404952239,0.535592490143512,-0.177275464185312,-0.507062820830348,0.843481301232844
0.914322518645495,-0.403108051754013,-0.0389644775256005,0.363947718005622,0.775656571871779,0.515653896592105,-0.177641184572326,-0.48565500216018,0.8559105259433
0.911939264882038,-0.409091543530998,-0.0317944362717016,0.370621944055943,0.787971015292227,0.49167169294513,-0.176085637547765,-0.460158438008869,0.870200011594251
0.911988952850115,-0.409804636390163,-0.0183387532966946,0.370289252259869,0.803165561188662,0.466702208031341,-0.17652767358173,-0.43241790124095,0.884224371495263
0.914269555663219,-0.405053489796891,-0.00654599043243205,0.363312826558523,0.812692076611284,0.45556051043884,-0.179206500008894,-0.418883347743258,0.890180752059918
0.925217553463385,-0.379419013507958,0.00370012862967667,0.3376801380387,0.827805831706859,0.448006282730812,-0.173045089896804,-0.413253816897996,0.894022751210417
0.94025981840167,-0.339976103605978,0.0181031178573269,0.298983443318676,0.84998409382997,0.433746401549746,-0.162850773779453,-0.402421780241754,0.900853115811057
0.957208664305708,-0.28696134984256,0.0374800837061414,0.245839443093043,0.874616580715979,0.417862184166493,-0.152690999072591,-0.390767220264475,0.90773698744129
0.973827554849308,-0.221636025132017,0.0503722719350478,0.181047349620233,0.890402565650649,0.417618400310895,-0.137410882435517,-0.397568539306647,0.907225168269637
0.984506976874831,-0.169612409799611,0.0444706973944713,0.131804751208922,0.883110623978527,0.450270067154159,-0.115643936475441,-0.437432573385002,0.891784292134728
0.987869462244719,-0.152301529589303,0.0303013143128928,0.116168857768842,0.854300469326967,0.506631527436269,-0.103047183605437,-0.496965745492063,0.861630039958278
0.987280232584289,-0.157253020050537,0.0234356573045896,0.121660118677291,0.842117607717939,0.525391996793674,-0.102355057870825,-0.515857947943425,0.850537488692802
0.985789904067912,-0.166336057456337,0.0234644630805889,0.129427084098799,0.841126457482164,0.525123711543469,-0.107083588562676,-0.514624716189756,0.850702360727388
0.982520825792727,-0.184817337855365,0.0222571002521576,0.144065691248742,0.830648405598978,0.537836687927571,-0.117889369701432,-0.525229262231201,0.842755194945404
0.976021166814043,-0.217511149060516,0.00846061258586851,0.174378855081353,0.804558750143163,0.56769466482308,-0.130286978748724,-0.552606657218718,0.82319571522578
0.965695313306651,-0.259302796653113,-0.0139506811821247,0.21653910415596,0.77445476715302,0.594416209406588,-0.143329613928542,-0.577045815582989,0.804036534300064
0.950661251647899,-0.308015901380393,-0.0370052578977085,0.266442207907876,0.74954765622669,0.605959454823714,-0.158907943352206,-0.585921936389055,0.794634349872739
0.936487466978526,-0.346727965183356,-0.0526397411843396,0.306851937958377,0.737437915113395,0.60168696971465,-0.169803157695412,-0.579624912778099,0.796995513239345
0.922790980864284,-0.38082641758663,-0.058549511557881,0.33983101987242,0.732826060990274,0.589475056525677,-0.181581066105483,-0.563859205832105,0.805661909506949
0.911849906369945,-0.405791717092437,-0.0621516740908455,0.364393965737427,0.730331387640239,0.577782919409733,-0.189068204591025,-0.549498995965101,0.813820660493496
0.90251146012564,-0.425312775243672,-0.0676912664707361,0.386678133203396,0.731055609979742,0.562172319150884,-0.189612989123168,-0.533541693152159,0.824245215954636
0.897564842641372,-0.435550739524568,-0.0683586611467269,0.399211612924162,0.737100839996614,0.545263642454525,-0.187102756154631,-0.516699046811477,0.835472712698297
0.894302140381359,-0.44326173968275,-0.0611777070732645,0.408360856621408,0.75259215478691,0.516571833661713,-0.182934667268809,-0.486953877370965,0.854055518584496
0.89910597477667,-0.434967087734,-0.049112917945248,0.399366737658747,0.769191743616027,0.498848945478234,-0.179205622045468,-0.468132133207217,0.865296279251308
0.907154421095814,-0.418674780272149,-0.0422171132408092,0.383458496237412,0.781171106273945,0.49267766783779,-0.173292925272966,-0.463123235313031,0.869187224344404
0.921378413215434,-0.387016440562328,-0.0357784068269701,0.35397729345177,0.797565181772785,0.488456606613427,-0.160505125716188,-0.462718116738702,0.871854373769277
0.93651425878714,-0.349609059058334,-0.0267310477295709,0.31837962856,0.815964225962531,0.48253165084517,-0.146885857748017,-0.460408392379759,0.875470534638325
0.95524592042473,-0.295680675904491,-0.00884134653631337,0.265304889377717,0.843126603700969,0.467708077548322,-0.130837866018173,-0.449121885492494,0.883838777598877
0.971510895980302,-0.236921874192954,0.005882560705152,0.208309178817548,0.865493949039056,0.45555187432074,-0.113021524551347,-0.441348218197013,0.890189802953511
0.984065337453773,-0.177649323429381,0.00749196283202604,0.15205426365588,0.862630637803821,0.482439512919746,-0.092167849741986,-0.473612817190642,0.875897246751399
0.987815463696064,-0.155581560567508,-0.00387139436262359,0.13153150907403,0.821304058223226,0.555120803129164,-0.0831869689533183,-0.548866123893102,0.831760726554771
0.986113009534108,-0.165898263232057,-0.00767454781548202,0.138811757292378,0.797977504526029,0.586483757923281,-0.0911725203391181,-0.579404581037291,0.809924627979675
0.98443218496049,-0.175761492144974,0.00108217045226074,0.142889784778863,0.803874193065434,0.577380975725083,-0.102351270728632,-0.568237784384645,0.816474150097762
0.981615854665415,-0.190420742621674,0.0130481664956541,0.148532725885817,0.805038302357378,0.574326876507169,-0.119868024136619,-0.56183028800249,0.81852207317373
0.977444565072241,-0.211018555020172,0.0085610541370587,0.166866317425583,0.796507236581991,0.581147015979043,-0.12945174513912,-0.566610440699533,0.813753558622459
0.969331271976565,-0.245387593003364,-0.013483855839886,0.203477086071658,0.770587982175236,0.603979500621409,-0.137818578617261,-0.58819987328043,0.796885781314238
0.961977225472716,-0.27154615738908,-0.0293683857071049,0.229910556167016,0.747015256430362,0.623786295796289,-0.147448139475511,-0.606820312009664,0.781042991837007
0.950610288688768,-0.307319508945405,-0.0435292827946035,0.264185875387143,0.727499512589707,0.633206350590128,-0.162929132708016,-0.613432293414108,0.772757995178128
0.942759539911216,-0.32996352002193,-0.0482547962500083,0.287443159594926,0.730715756608312,0.619217985079914,-0.169058806066051,-0.597644173818401,0.783735007252095
0.937993383708572,-0.343051035319744,-0.0498437487052855,0.303735537775271,0.744025752537864,0.59512217455984,-0.167072245484732,-0.573359980053122,0.802088023886513
0.935804268076689,-0.349764807745419,-0.0439880792063172,0.31053342295585,0.758842664007315,0.572474282836885,-0.166851326266153,-0.549383646048088,0.81874186675541
0.933671916914235,-0.356094046536367,-0.0381284878673808,0.317103931617648,0.772536924316603,0.550119802515846,-0.166438721811746,-0.525722103956832,0.83421485319603
0.937555187314738,-0.347059052108693,-0.0232440333987438,0.306391094373017,0.792362804298105,0.527527898460118,-0.164665624913432,-0.501708282485209,0.849219660192585
0.941031984186537,-0.338181597719791,-0.00959227301735227,0.296295916011637,0.810131527115597,0.505861284274826,-0.163301974552588,-0.478873799384599,0.862561504688323
0.95194432480793,-0.306248224673055,0.00374531047800086,0.265600478733799,0.831560373245127,0.487815263542257,-0.15250701020724,-0.463378215427772,0.872938853130402
0.960582462052444,-0.277595946190755,0.0148937656663245,0.238095921259743,0.84918833004027,0.471369825511659,-0.143497964712877,-0.449243442669869,0.881809879362544
0.976381856950522,-0.214506130865665,0.0257990162388634,0.177418491303746,0.864196000252091,0.470837500728003,-0.123292937191688,-0.455139970744529,0.88184264960894
0.98741900748901,-0.15711573387861,0.0178423601915185,0.12775481720959,0.85916487254195,0.495494125565298,-0.0931794522905254,-0.486980870217465,0.868428017577207
0.991366940012665,-0.131008786001269,-0.00531866904380016,0.11222222323094,0.82683050124399,0.551141991528243,-0.0678068054330005,-0.546980822518565,0.834394521155241
0.990583751776952,-0.13635551842856,-0.012288340391474,0.114751525216809,0.777966469960624,0.617738018157715,-0.0746720709228966,-0.613331349444232,0.786287948281673
0.988469292514997,-0.151289810252781,-0.00631277027757958,0.120435804721003,0.760244009469036,0.638376270711599,-0.0917805790791515,-0.631775624237055,0.769698568222505
0.984906109590355,-0.173081984145883,-0.0016068776293827,0.134258106556104,0.758057460615555,0.638219121641671,-0.109246126318333,-0.628801648510259,0.76985308385121
0.979128602843304,-0.203159248890629,-0.00578780479229589,0.16025211376197,0.754195445829831,0.636795484849229,-0.125005756383211,-0.624432181329356,0.771011032211163
0.971428254727046,-0.236701440389504,-0.0173082071717086,0.19295454322022,0.745216170279628,0.638295702480003,-0.138187156308539,-0.623398177468701,0.769596661999038
0.961195040260358,-0.274257710755764,-0.0297792321911638,0.228454097235299,0.730827553736064,0.643195003211752,-0.154637705735995,-0.625039034613973,0.765123117657243
0.951780653036079,-0.304264578996033,-0.0392001846243304,0.25757913567649,0.723180413190039,0.640829992152706,-0.166633062056625,-0.620026738090101,0.766681333203686
0.940350042333182,-0.336473771498605,-0.0502712539876141,0.290693167521223,0.717899379722681,0.63254878305967,-0.17674637263735,-0.609430784984886,0.772887338537929
0.931717698823839,-0.359088605579784,-0.0543829296854854,0.313565794850968,0.719806998814985,0.619317670308579,-0.183244705238352,-0.594081861194002,0.783254824563742
0.928754074609168,-0.366589124338088,-0.0550298356703012,0.323070384621571,0.727668571545631,0.605081793285182,-0.181772922838736,-0.5797506911611,0.79425924018603
0.927420923251163,-0.370453775669091,-0.0515211724291504,0.329138496710182,0.742927385649775,0.582860832133154,-0.177646506014955,-0.557514932305946,0.810937000732223
0.930288103135504,-0.364192996482174,-0.0439033766113672,0.32298196844298,0.756459323300418,0.56872835365627,-0.173915764740412,-0.543261220321502,0.821352879869274
0.937390574825457,-0.346799796650656,-0.0320750880195662,0.303868270527894,0.769379365270111,0.561889194114773,-0.170185147397727,-0.536456236182994,0.826590419897055
0.94460810818458,-0.327624925480495,-0.0194275617576867,0.282927951184483,0.782879349182853,0.554122458542861,-0.166334892282106,-0.528925167511371,0.832208429891555
0.955254680099849,-0.295646428824426,-0.00903799041264273,0.251946553459352,0.797289471822478,0.548500166199599,-0.154956220744083,-0.526234441332375,0.836101598137639
0.968729631223643,-0.248038294133847,0.00631713799714443,0.206397823437122,0.819707897057275,0.534302257137624,-0.13770562831534,-0.516290584985926,0.845269892865685
0.98224056446341,-0.186866661447221,0.0168619204769649,0.149605394865419,0.834267053869743,0.530675709501257,-0.113232942864538,-0.518728574176388,0.847407202579237
0.990052664027796,-0.140436577708159,0.00856096332692547,0.110872564234578,0.816197902509869,0.567034618377521,-0.0866198415578915,-0.560444958564273,0.823649471236627
0.990310846648822,-0.138542613104096,-0.00950638543199465,0.112681991567991,0.761673903604297,0.638087480949488,-0.0811615412985978,-0.63297615193819,0.769905185910289
0.988444819531575,-0.150690661500386,-0.0164061963223544,0.122006228364876,0.726687815122889,0.676046817603707,-0.0899517591899647,-0.670236632756295,0.73667600553441
0.986349982330509,-0.164032245748169,-0.0143921753538443,0.128866279122832,0.714561823368131,0.687600816382476,-0.102504607026415,-0.680069719175631,0.725946267018942
0.983269394427902,-0.181062273051816,-0.0199437022314296,0.145154926780752,0.712676471728462,0.686310639489106,-0.110051557066045,-0.677723173517019,0.727035043767052
0.974104936019671,-0.221101579408346,-0.0472616673980824,0.191120424592398,0.693542289478564,0.694602099052727,-0.12079965614907,-0.685648003196951,0.717839995254027
0.965915367842109,-0.250362751378922,-0.0657722957514735,0.22192426419399,0.670122429743224,0.708297642320653,-0.133255855887835,-0.698752046062846,0.702843122606025
0.955273522765787,-0.283914902670427,-0.0827334560156034,0.255800824499595,0.652935973250958,0.712909919288652,-0.148386100723656,-0.702187256276034,0.696358113498769
0.944852801492832,-0.313728337583453,-0.0939559136418247,0.285869760885758,0.650112875392467,0.704011171118796,-0.159786305177466,-0.692046081880434,0.703946416449202
0.937014033708553,-0.335131312356134,-0.098446453017272,0.307773716178314,0.658891582798899,0.686394363137222,-0.165166704462541,-0.67346038160772,0.720535269186573
0.93203022213493,-0.348774675194813,-0.0983661068146191,0.323049448367864,0.676687471737554,0.661614026077634,-0.164191104924508,-0.648421384237279,0.743364641025843
0.929007931577581,-0.357633866355194,-0.0950909075662784,0.334070014389887,0.69995966078874,0.631231889842436,-0.15919010192686,-0.618186453187342,0.769742827536684
0.929301468923276,-0.358967808901604,-0.0868383096877268,0.337398406286956,0.729545258347099,0.594916827345038,-0.150203512915183,-0.582156188832211,0.799082646859693
0.933619120045106,-0.350384703453338,-0.0747388672118876,0.328932351400515,0.75564223428075,0.566399436769957,-0.141981854081176,-0.553385375084228,0.820734902239791
0.94167001154625,-0.331599912495772,-0.0574376826419834,0.308152360776001,0.780989436372872,0.543228886218471,-0.135276427742094,-0.529241909061233,0.83761762743543
0.952288443063131,-0.30249280434845,-0.0405564363055553,0.278270181621809,0.805985456293011,0.522449184384771,-0.125349221092758,-0.508807967274056,0.851705362910133
0.965285850977278,-0.260027505851999,-0.0246763470444801,0.236886841483151,0.831733248223763,0.502100018055452,-0.1100356771016,-0.490515545115072,0.864457430857793
0.979193516555516,-0.202694258752311,-0.009751646245273,0.180502767112274,0.848016370187855,0.498284042447906,-0.0927297589798104,-0.489676702899234,0.866959006203454
0.991476629493907,-0.130203970301882,0.00458467938105435,0.10674925182935,0.832040984018079,0.544345844246193,-0.0746906312818039,-0.539216771838425,0.838848366849977
0.996202546544088,-0.0870594315056134,0.0010684778852529,0.0672456937525321,0.777157398537031,0.625703120154355,-0.055303733425624,-0.623255191141696,0.780060551357467
0.994936493227647,-0.100295265632558,-0.0064987795442801,0.0779593842766284,0.729319623500818,0.679717015514423,-0.0634327111755389,-0.676781904654903,0.733445665802588
0.993144965899098,-0.116799906736467,-0.0045671102056455,0.0881143234145464,0.722415583844418,0.685821835630746,-0.0768045748538103,-0.681522931386083,0.727755145139109
0.991123658768022,-0.132907235446154,0.00309189203374164,0.0946390634046707,0.7216999377135,0.685705948335157,-0.0933667002103773,-0.679326774586714,0.727872099081588
0.988259594230012,-0.15278093158352,-0.000980488042730496,0.112053800730955,0.720424832902744,0.684420927411487,-0.103860098950836,-0.676495415417963,0.729086437100842
0.981855686868405,-0.188697241560699,-0.0187819379072837,0.147442245850003,0.697381235782194,0.701370227567159,-0.119248456186556,-0.691413597643467,0.712549677349475
0.973900417198932,-0.223869186430122,-0.0374241198541832,0.18217415985947,0.672617466711015,0.717215671158093,-0.135390372106885,-0.705314348955394,0.695845612401478
0.965455276087898,-0.255280735560568,-0.0522288801880079,0.213484124991256,0.660018807553779,0.720277517386185,-0.149400931224526,-0.706545766194195,0.691717024528313
0.958059869886352,-0.280026248681083,-0.0608817358732863,0.238624447796262,0.661921546540169,0.710575991108481,-0.158680996427654,-0.695302212189397,0.700981579713231
0.952888164060482,-0.296067538610314,-0.0659405745703881,0.255353254268287,0.665680443633737,0.701187751246545,-0.163703580681786,-0.684991649251886,0.709920825252466
0.948270548605812,-0.30915366525868,-0.0721593923474558,0.270872958530627,0.669385066434207,0.691774148961739,-0.165562094042371,-0.675535079838194,0.718499512125311
0.946658135555729,-0.314117474547884,-0.0718928826088434,0.276783200849173,0.678376149647035,0.680585673752945,-0.165013436161531,-0.664180707167652,0.72913274107836
0.948425990660189,-0.310363686525234,-0.0645176125310252,0.273115101481549,0.696708650849947,0.66332887557649,-0.160923216420007,-0.646739080245899,0.745541602125413
0.95296597222771,-0.298360629419905,-0.0532615300967957,0.260127276860942,0.715006858163563,0.6489214071149,-0.155530240175357,-0.632254796416151,0.758988943792838
