1,0,0,0,1,0,0,0,1
0.999901723995933,-0.000919914029638929,0.0139891425090764,0.000901362466918455,0.999998706144154,0.00133238722628684,-0.0139903500908449,-0.00131964699659232,0.999901259443221
0.999580269924371,-0.00110605107979878,0.0289492768291423,0.00106829475668293,0.999998558624431,0.00131965729387099,-0.0289506947107368,-0.0012881770333689,0.99958001074236
0.999029435706257,-0.00116294174899299,0.0440321945731395,0.00113915928103029,0.999999191430184,0.000565203601760814,-0.0440328162689012,-0.000514495352214132,0.999029952697096
0.998375589174127,-0.000992641654452626,0.0569666358824311,0.00100554414193413,0.999999474872406,-0.000197827935253787,-0.0569664095954297,0.000254789048411369,0.998376063044556
0.99753146616638,-0.000232488421684662,0.0702205095188456,0.000268127202793293,0.999999840001364,-0.000498101444639365,-0.0702203824808412,0.000515699893166704,0.997531368899177
0.996539928226278,0.0010460637236086,0.083108827458053,-0.00101052589164903,0.999999379123838,-0.000469669417698803,-0.083109267161903,0.000384060705832679,0.996540366572868
0.995618848663959,0.00220526457674058,0.0934785803978636,-0.00209473438799415,0.999996986177768,-0.00128051678068015,-0.093481122548336,0.00107909384597536,0.995620467489281
0.994837314918482,0.00232471948827035,0.101455963477202,-0.00196328793539712,0.999991367028516,-0.00366215359094644,-0.101463601090584,0.00344405977616734,0.994833290610035
0.99406752533452,-0.000199140349188886,0.10876449521064,0.00102007833358066,0.999971412316939,-0.00749226194544464,-0.108759893874062,0.00755876259629335,0.99403931038592
0.99293353064669,-0.00549512006840737,0.118544537507779,0.00700987435819335,0.999898982127607,-0.0123647564334619,-0.118464616569597,0.0131083635748434,0.992871746715259
0.99138639640997,-0.0106443495006045,0.1305362433846,0.013297382448144,0.999722023732974,-0.019469331865153,-0.130292719034036,0.0210374211099328,0.991252356506537
0.991723163559646,-0.0147165873764141,0.127548378724467,0.017763439252612,0.999582604256453,-0.0227832722365979,-0.1271598485575,0.0248603966959607,0.991570639738266
0.992512568389363,-0.0184933912811264,0.120734403001272,0.0213195348525391,0.999527133475239,-0.0221582237655298,-0.120267531041515,0.0245663168931583,0.992437512920327
0.993099998142649,-0.0189898173217109,0.115722860866631,0.021505483708352,0.999557939714655,-0.0205289874047625,-0.115281862665119,0.0228760134525914,0.993069373281131
0.994486501961094,-0.0188916002472928,0.103148945012947,0.0209780895295231,0.999595930257289,-0.019180614504126,-0.102744913143565,0.02123873002703,0.994480969737461
0.99608912403283,-0.0182693563223752,0.0864447083578554,0.019874119089563,0.999645094492032,-0.0177399111731545,-0.0860899318963748,0.0193885450094543,0.996098693879524
0.997395281263473,-0.0164704334829906,0.0702237690119181,0.0178605686788753,0.999655851319162,-0.0192140315870664,-0.0698831381652543,0.0204182208883142,0.997346200301546
0.998476138002565,-0.0143420117714612,0.0532889157126544,0.015487927606035,0.999656268848513,-0.0211534453539093,-0.0529672156900222,0.0219465452911814,0.998355058689958
0.999469630124184,-0.0107445318777789,0.030741071779513,0.0114457159559107,0.999676231458433,-0.0227250488079293,-0.0304869487761958,0.0230648497023837,0.999269012159651
0.999932075937308,-0.00749598944460169,0.00892488957642165,0.00770369580354816,0.999694850771277,-0.023470373076732,-0.00874623248440687,0.0235375335080168,0.999684694257988
0.999861422572247,-0.00436042627128723,-0.0160661860606128,0.00392632650964319,0.999629000728432,-0.0269526411102318,0.0161777505216651,0.026885824990317,0.999507595170066
0.999334861044726,-0.00218845037190691,-0.0364011838500928,0.00106457961081887,0.999522984944283,-0.0308653404051108,0.036451367203039,0.0308060587067031,0.99886049304995
0.998494750186295,9.55725355282437e-06,-0.0548473678408358,-0.00192607438129172,0.999389303180423,-0.0348899831760911,0.0548135392753176,0.0349431051454947,0.997884991025972
0.997073111538284,0.00145814136364456,-0.0764400684924363,-0.00438904427190948,0.999260912853744,-0.0381885366711266,0.0763278883354175,0.0384122619285352,0.996342587464668
0.99489930524457,0.00222143989308207,-0.100848587638467,-0.00610427390407915,0.999251110301671,-0.0382093758256108,0.100688183338345,0.0386300888645136,0.994167795681566
0.99108440213255,0.00279926710699961,-0.1332061258097,-0.00788133604561225,0.999260285521583,-0.0376399564487194,0.133002227017829,0.0383542159741147,0.990373344615711
0.985828887417601,0.00597963295691481,-0.167647394022919,-0.0125102384082378,0.999202261433747,-0.0379253830653628,0.167286875360694,0.0394852470599594,0.985117260328267
0.979038221679429,0.0137134977609399,-0.203214419936042,-0.0222289571509029,0.998965121823288,-0.0396807112406956,0.202459956422905,0.0433661776012694,0.978329873143763
0.97237830014437,0.0240853327327076,-0.232164463593161,-0.0346541144716326,0.998535196393362,-0.041551822028137,0.230823598790359,0.0484495439692239,0.971788612780908
0.963764850298054,0.0374719105318415,-0.264108252902219,-0.0503177390150444,0.99784805291435,-0.0420403191645165,0.261964574838627,0.0538063120473259,0.96357638115174
0.955153446664632,0.0483205158743608,-0.292142124778864,-0.0629581055795753,0.997177482994221,-0.0409065318884626,0.28934092394009,0.0574647296604309,0.95549967795837
0.948366621831759,0.0562761233267144,-0.312143794650371,-0.0725207718627066,0.996537331944596,-0.0406704276985464,0.308774170299029,0.0612073850451223,0.949163930926626
0.944199109555764,0.0619532798906169,-0.323496263695419,-0.0791932663868985,0.996040672757222,-0.0403906520412171,0.319713102754759,0.0637555434776916,0.945366998896614
0.940403887727479,0.0676925772009606,-0.33325402163955,-0.0855057566056974,0.995571709266212,-0.0390606873472679,0.329134157349749,0.0652279595008595,0.942027610935596
0.936242726954029,0.0731956542047947,-0.343645096620357,-0.0917077777643064,0.995064211452765,-0.037906445143537,0.339174350037286,0.0670045617209717,0.938334241614024
0.93285470291779,0.0760906421281704,-0.352125428540292,-0.0955833878272629,0.9946851242238,-0.0382794934572782,0.347341214392454,0.0693665468969407,0.935169697411101
0.931622037504367,0.0748592437195651,-0.355635308800948,-0.0955165818048536,0.994588890444282,-0.0408597797978579,0.350652194968929,0.0720349403730404,0.933731227671499
0.930736743271774,0.0712653202309119,-0.35867864287721,-0.0934209855052757,0.994618289594866,-0.0447993021218742,0.353555701680902,0.0752044688550454,0.932385464104389
0.929646937563487,0.0689733055357301,-0.361938191687897,-0.0923516130682696,0.994584578291984,-0.0476728034359678,0.356689992910537,0.0777444515527035,0.930982303381891
0.930026142792657,0.072647863660415,-0.360241115959562,-0.0956543104497104,0.99433132000941,-0.0464271358230774,0.354826192120316,0.0776370655931936,0.931703203510365
0.934433512100661,0.0829600987030929,-0.346340343428825,-0.109582597779053,0.992285782729114,-0.0579705067915024,0.33885935980465,0.092122458808059,0.936316072091012
0.933626822858537,0.0754768061779127,-0.350205949932686,-0.109152383952945,0.991006244276935,-0.0774104701026446,0.341213588118149,0.110498305567577,0.933468484604721
0.934168154763625,0.0620594803215758,-0.351395047671051,-0.0980303332122667,0.991503727576502,-0.0855009472005682,0.3431033552675,0.114319635689231,0.932314919166301
0.938280761971994,0.0555943201448886,-0.34137733269929,-0.0891143653071112,0.992532377660937,-0.0832953131372819,0.334197309398453,0.108576014212877,0.936228288147971
0.94401556934377,0.053518436959397,-0.325530922865987,-0.0853597636877242,0.992775732523462,-0.0843211459580472,0.318666464473019,0.107387717258193,0.941764069500605
0.948527860507012,0.0519089354280573,-0.312410563625362,-0.0835052493718886,0.9925594207565,-0.0886152898480784,0.305486122711539,0.110141993309755,0.945804932393792
0.951548155860547,0.0502533259483158,-0.303365637984141,-0.0812422433502807,0.992586015806404,-0.0904029818146638,0.296573439427414,0.110668895615259,0.948576085809406
0.955504180918608,0.0470227269772147,-0.291205465942324,-0.0767165216686056,0.992854768268666,-0.0914001336390925,0.284826851876943,0.109673480266653,0.952284302178751
0.961161026055852,0.0425057519000681,-0.27269533007859,-0.0697738868151979,0.993395601209571,-0.0910866851750235,0.267022633329014,0.106575984878789,0.957778926860033
0.967505242701829,0.0421746537633586,-0.249308852479041,-0.0648576828220213,0.994396752368557,-0.0834780202078693,0.244391256642772,0.0969350166802906,0.964819421559164
0.972953357192983,0.0431751888097714,-0.226930975845396,-0.0619754320630291,0.995150678688552,-0.0763817551926829,0.222532717925936,0.0883800304195167,0.970910994723791
0.978674055291613,0.0440554280233061,-0.200639509470973,-0.0596476794930577,0.995594830157314,-0.0723400891285273,0.196568684764798,0.0827650495421415,0.976990633908087
0.98375680220126,0.0451635549664849,-0.173731998853233,-0.0581567765872958,0.99581938103523,-0.070438268658348,0.169824448945745,0.0793978189713015,0.982270656633331
0.988237393023686,0.046500830980293,-0.145686402069274,-0.0569644747089839,0.996023982717064,-0.0684928789989671,0.141922174627073,0.0759861735487442,0.986957039479705
0.991918648270783,0.0473593177370613,-0.117705098598756,-0.0553877043424624,0.996287909789976,-0.0658984295260013,0.114147261992282,0.071885296339387,0.990859680656078
0.994823393040631,0.0465588363775855,-0.0903254748910318,-0.0524054930353555,0.996606565550269,-0.0634745445184102,0.0870636603804734,0.0678795127948306,0.993887463842809
0.997141182333462,0.0430180083176708,-0.0621201533723642,-0.0468535164042522,0.996996448191118,-0.0616670924793124,0.0592807767761326,0.0644013451309553,0.996161762089944
0.998756164011429,0.037122266028418,-0.0332875684616702,-0.0391036804984797,0.997371870741286,-0.0609938818694216,0.0309358533201816,0.0622196819257663,0.997582920944625
0.999263498568939,0.0373692735443124,-0.00871767299995047,-0.0378307216239427,0.997437669026284,-0.0607201194730877,0.00642626868217039,0.0610051948786714,0.998116761340396
0.999106103113106,0.039986765352734,0.0137132533983582,-0.0391118697973254,0.997489761879987,-0.0590291164220162,-0.016039213294275,0.0584399994971963,0.998162066047227
0.998630500093371,0.0422624353018302,0.0308384637364239,-0.0404518851237912,0.997546079887719,-0.057144234097379,-0.0331778431064428,0.0558185010816582,0.997889535802336
0.998188058600268,0.0423503771809046,0.0427439495187571,-0.0399435506409879,0.997649772672516,-0.0556726490178723,-0.045001249205081,0.0538644283280859,0.997533714182569
0.997983762550344,0.0367921704900129,0.0517179454009165,-0.0339595184569117,0.99792944556974,-0.0546220905041808,-0.0536205258462939,0.0527556428783318,0.997166827242294
0.997817290798809,0.0279981341106387,0.0598060086383245,-0.0248296296180557,0.998281452689123,-0.0530813593450983,-0.0611894082007244,0.0514805371302203,0.996797677876925
0.997644612320695,0.0197798090538706,0.0656809459530057,-0.0162070816817638,0.998382811640763,-0.0544893744104751,-0.0666525169130913,0.0532965343533399,0.996351806047981
0.997512828860447,0.0125074481312366,0.0693665625504983,-0.00830892450882999,0.998134332765545,-0.0604881436992905,-0.0699936999474551,0.0597613378023276,0.995755725302015
0.997440698660683,0.0026477115946872,0.071449578575383,0.00221831440248325,0.997686999678543,-0.0679391621499607,-0.0714641989845284,0.0679237829904835,0.995127744547283
0.997054468575779,-0.0092155551885024,0.0761410548629136,0.0152289108344262,0.996775886682908,-0.0787776110471698,-0.0751695880517296,0.079705114453652,0.993980194854035
0.997826083990499,-0.0164095917545109,0.0638265728880605,0.0213952005246178,0.996705727344503,-0.0782300356204554,-0.0623325878068292,0.0794255524193356,0.994890059313183
0.998854367312701,-0.0171048562986439,0.0446920215625328,0.0202719193692483,0.99724172715915,-0.071400188359144,-0.0433474588116754,0.072224383027045,0.996446002707088
0.999745574313755,-0.00854929471948395,0.0208733370561465,0.00991893762852041,0.997742409293913,-0.0664206246033573,-0.0202583641092177,0.0666107668187208,0.997573357917823
0.999987293788958,-0.000278309808341157,-0.00503336907910171,-6.54366543729975e-05,0.997674076882314,-0.0681647418763301,0.00504063276584754,0.0681642051275669,0.99766138201328
0.999678140876074,0.00417771695437875,-0.0250232159325132,-0.00587777669688294,0.997650528568583,-0.0682559491028372,0.0246792705657529,0.0683810611783454,0.997353981330835
0.998917902723418,0.0069617822552567,-0.0459843147875299,-0.00994341523075221,0.997840069259149,-0.0649332324349107,0.0454329408270811,0.0653202094969672,0.996829533129449
0.997455004901115,0.0117711818375014,-0.0703203560561598,-0.0161041051559819,0.997985076507909,-0.0613713684435017,0.0694562523812049,0.0623476250201357,0.995634773729558
0.994901563836663,0.0187739395767096,-0.0990879279636639,-0.0244277099679813,0.998123087090003,-0.0561568339887699,0.0978476635443192,0.0582910131211677,0.993492824598259
0.990847493395633,0.0251496346467035,-0.132622549774643,-0.03184837563574,0.998308845212776,-0.0486326077781008,0.131175172197162,0.0524113102972166,0.989972791925099
0.985640165975443,0.0288720701449757,-0.16637267438328,-0.0361193459865289,0.998518349251356,-0.0407001112265401,0.164951071719485,0.0461249365732998,0.985222631776546
0.980481452326754,0.0281513937247675,-0.194585766885895,-0.0356857288611066,0.998738619275441,-0.0353227847633563,0.193345934528943,0.0415772702223215,0.980249294925526
0.975435567213465,0.0254687600812035,-0.218807670054941,-0.0334615628853486,0.998898331380715,-0.0329005679904258,0.217728679838499,0.0394140308107261,0.975213184976001
0.969962557117115,0.0248391469013449,-0.241982756765935,-0.0334671139386372,0.998939823401469,-0.0316098324459403,0.240941051038312,0.0387588184011789,0.969765520072094
0.96210492913418,0.0261645190105179,-0.271421302186587,-0.0356649604988794,0.998909555326574,-0.0301282404046395,0.270337041354542,0.0386667586204822,0.961988963475912
0.950848471665912,0.0315706412865613,-0.308042981642747,-0.0424688686498684,0.998684413405445,-0.0287373905673698,0.306730466576437,0.0404071408265496,0.950938317581128
0.938650673788282,0.0412092721420935,-0.342398464491772,-0.0538956653480172,0.998164631592434,-0.0276156747995765,0.340632015309041,0.044375264815664,0.939148905136476
0.926973157861272,0.0529945917155132,-0.371365504393727,-0.0669334235499876,0.997450781430003,-0.0247357117656692,0.369107953607856,0.0477861054448087,0.928157210126517
0.916152071039093,0.0632696061072215,-0.395805936885512,-0.0779396987942636,0.996735297025642,-0.0210748906299599,0.393180348037183,0.0501568001993982,0.918092320690636
0.907780189097559,0.0679786019261541,-0.413901000194691,-0.0839736252072284,0.996256063624026,-0.0205495976095968,0.410954448268364,0.0534112850671643,0.910089927466467
0.899701620781892,0.0716555879304665,-0.430583871366284,-0.0889402193009639,0.995833767424147,-0.0201182764800228,0.427348371885437,0.05639666990319,0.902326318285518
0.894513344643518,0.072994557354607,-0.441041574969155,-0.0912538094387042,0.995620750550625,-0.0202993432390115,0.437628402320499,0.0584047572515761,0.897257078998429
0.891854037324453,0.070475464791512,-0.446799266976226,-0.0901358994463457,0.995666869675488,-0.0228692864255491,0.443251503933231,0.0606687192302253,0.894341886958167
0.891799037404553,0.0639658898452473,-0.447887086016797,-0.0858094603236023,0.995900244603366,-0.0286258505188478,0.444219780517802,0.0639614550746072,0.893631757974981
0.891098692863174,0.0560323778332192,-0.450337087315599,-0.080966530814585,0.996056352579067,-0.0362789660097539,0.446528319891799,0.0687903708468081,0.892121261047716
0.889455352277615,0.0433519338371375,-0.454961301801905,-0.0736629946649669,0.996073810239604,-0.0490991626379376,0.451046493747255,0.0771853249480628,0.889156615052135
0.8902316793582,0.0326666099579478,-0.454335173259714,-0.0672474515880709,0.99592100527349,-0.0601592179965057,0.450516744774252,0.0841085242344457,0.88879717530442
0.897572074866779,0.0344730275109526,-0.439517895874075,-0.069262242072119,0.99558449471189,-0.0633581542693193,0.435393054885454,0.0873105048863009,0.895996519800168
0.908217154328426,0.0413139206884927,-0.416454992215151,-0.0752289556457408,0.995022506900428,-0.0653514727763531,0.411682164801959,0.0906828027739119,0.90680451281687
0.909049986801653,0.0292170705193632,-0.415661502049662,-0.0661533885954539,0.995006539652952,-0.0747376426253751,0.411402297846346,0.0954376699114452,0.906443489958762
0.911487869752742,0.0208143844240564,-0.410799981371295,-0.0585987845838383,0.995103031580375,-0.0795998679951493,0.407131484583182,0.0966266937269194,0.908244040068802
0.916785140619187,0.0163693067964469,-0.399045175055234,-0.0526783438720275,0.995386332373831,-0.080193774136615,0.395891396757695,0.094541499450653,0.913417706668129
0.923212246142105,0.0141861787701108,-0.384028515744797,-0.0496196036172323,0.995353564750295,-0.0825177318868428,0.381073540816098,0.0952367233307751,0.919626512786087
0.933428432093522,0.00994559809244683,-0.358625776036822,-0.0436671329281042,0.995333108667317,-0.0860533804826688,0.356096256174182,0.0959848314539293,0.929506518788057
0.941687508926574,0.00669856047904392,-0.336422004065093,-0.0380494996583493,0.995509012421641,-0.086683572625028,0.334330481869981,0.0944295264988544,0.937713278895947
0.946373610831146,0.00629589246743937,-0.323012926150732,-0.033728781935785,0.996271961679474,-0.0794011816062062,0.321308820282837,0.0860380154895028,0.943057846528557
0.952479596861893,0.0056292191870333,-0.304550372603863,-0.0284295962331454,0.997107758671659,-0.0704831586607826,0.30327277428056,0.0757920146725569,0.949884832436042
0.961046476643717,0.00537879037165555,-0.276334468253305,-0.0249210571428775,0.997424418665769,-0.0672567465770835,0.27526098641395,0.0715234064023127,0.958705268419356
0.970932101573125,0.0054661460352272,-0.239292656348493,-0.021403214592985,0.997716954585598,-0.0640529541670454,0.238396217545252,0.0673127014757287,0.968832412587521
0.979089929423334,0.00584400302462244,-0.203343939497737,-0.0182537663681306,0.99807884391614,-0.0592065987910078,0.202607280508843,0.0616803773956505,0.977315619914642
0.985388040713206,0.00636429776571305,-0.17020547856441,-0.0157794991493559,0.998415098096086,-0.0540212856231473,0.169591912029985,0.0559176860012245,0.983926722762566
0.990642043210683,0.00670284008862286,-0.136320996761723,-0.0133808101382474,0.998751451809525,-0.0481299431581833,0.135828186115428,0.049503630605362,0.989494868310837
0.994618393757611,0.00708835744706141,-0.103363465439839,-0.0114900065074324,0.999049388413656,-0.0420511505283534,0.102967133345982,0.043012494684705,0.993754343261708
0.99740657077187,0.00636709538647184,-0.071690952549397,-0.00910704131770827,0.999237870095339,-0.0379570911130843,0.0713946383108552,0.0385115445505501,0.996704402797937
0.999177697407529,0.0046200460547461,-0.0402813130103824,-0.00604651686183838,0.999356237431968,-0.0353631211809545,0.0400920021603793,0.0355776036330639,0.998562399393498
0.999907756835177,0.0040423841200272,-0.0129667633383417,-0.00446195802408905,0.999461982786461,-0.0324936285315674,0.0128284352684835,0.032548488370159,0.999387826198308
0.999897782761357,0.00401501955061976,0.0137223775975825,-0.00360871761865354,0.999558080280043,-0.0295062926173978,-0.0138347817500428,0.0294537563798377,0.999470397285005
0.999237118814529,0.0036306207816199,0.0388844310229594,-0.00256545120560089,0.999621033720009,-0.0274081631024754,-0.0389692037813312,0.0272874978200693,0.998867755821244
0.998442420009176,-0.00324907625783215,0.0556971940917332,0.0047410041213145,0.999632909821689,-0.0266752409800446,-0.0555900783066827,0.0268977527851782,0.99809130548711
0.9974945262996,-0.0151557628738538,0.0691011783839452,0.0170391072998127,0.999496996225446,-0.0267473991022709,-0.0686610429921058,0.0278578065902936,0.997251023457592
0.996839393572056,-0.0270547801067386,0.0746944596089478,0.0292707967272149,0.999158434380228,-0.028734012351303,-0.0738542069340048,0.0308295617910276,0.996792402778995
0.996174351559335,-0.03674486943565,0.079287299522027,0.0394218547747056,0.998695095620648,-0.032465725764045,-0.0779908883233204,0.0354671757181367,0.996322990191995
0.994569936801236,-0.044999751053105,0.0938384953861955,0.0489421325112248,0.997994633561947,-0.0401419860845106,-0.0918439354363705,0.044516668638993,0.994777843408691
0.992411373410796,-0.0498449266950965,0.1124061795795,0.0555645588872191,0.997284389007031,-0.0483366035064624,-0.109691593664087,0.054215594856394,0.992485981540193
0.991099586659609,-0.057197132436408,0.120208557782734,0.0639469110428251,0.996541661313706,-0.0530613779900178,-0.116757877212777,0.0602760757446147,0.99132960855691
0.99418889234611,-0.0494377767101452,0.0956261082005028,0.05373785070889,0.997631988024432,-0.042926214270636,-0.0932774878349836,0.0478155069446862,0.994491321007286
0.997118697158601,-0.0368293585631375,0.066316680590652,0.0396260843167229,0.998358112512622,-0.0413624542545278,-0.0646844434037946,0.0438711468742474,0.996940943714059
0.998460323081996,-0.0298836520632632,0.0467327569308542,0.0320282648855793,0.998435388629691,-0.0458362845385282,-0.0452898827489723,0.047262480587032,0.99785524223173
0.9992042714098,-0.0269303818096771,0.0294207160347256,0.0283482802673981,0.998401790135309,-0.0488900855029997,-0.0280570668868293,0.0496852089680076,0.998370763297641
0.999708817001844,-0.0236711161529746,0.00468609313258855,0.0238755077002703,0.998470962812904,-0.0498567603392566,-0.00349876275692525,0.049954125750974,0.998745384960364
0.999547524098301,-0.0181691314369392,-0.0239714357472357,0.0169942331493909,0.99868647265853,-0.048337618564911,0.0248182011560217,0.0479083707893508,0.998543361552061
0.998314714431608,-0.0106505355086612,-0.0570464463636143,0.00800716360461261,0.998892382381875,-0.0463669467451784,0.0574770935273081,0.0458320249698832,0.997294244045765
0.995782817659403,-0.00189578718969401,-0.0917223312243587,-0.00217085471712429,0.999019619487374,-0.0442163687914141,0.0917162332637831,0.0442290161571857,0.994802456111599
0.992067118116238,0.00568174448111986,-0.125580854162539,-0.0112161413989888,0.998994494018684,-0.0434073621920423,0.125207952321965,0.04447154933218,0.991133315944599
0.987530691560096,0.00956711683812329,-0.15713562136653,-0.0165798110015138,0.998921134255013,-0.0433783057049357,0.156551087808401,0.0454426871353629,0.986623899513854
0.980886010767336,0.0104746490678384,-0.194301095230697,-0.0193408281062843,0.998853512775589,-0.0437903229495737,0.193619643241862,0.0467112592719404,0.979964025874483
0.974758040691899,0.0121316435810077,-0.222934038070711,-0.0221436788416069,0.998852510850772,-0.0424655042883875,0.222163047318517,0.0463301714990425,0.973908155636362
0.965857342827386,0.0171512582577608,-0.258506146245303,-0.0287199033686329,0.99874457356873,-0.0410419775048789,0.257477689241066,0.0470649668776065,0.965137362470178
0.954605842218826,0.0282342548109676,-0.296530795798609,-0.0423781423513939,0.998244452468389,-0.0413776046543493,0.294841956058719,0.0520657274159883,0.954126501558421
0.941312806007465,0.0458379102569381,-0.334408563331789,-0.0640248006119513,0.996997132841468,-0.0435607852602736,0.331407643473945,0.0624147665954836,0.941420931761068
0.929548017263696,0.0604815978852558,-0.363706557431096,-0.082344526914855,0.995592247139903,-0.0448938338982798,0.35938817800298,0.0716802186950059,0.93043112789692
0.917143368315023,0.0692750150842407,-0.392490782364187,-0.0941718987506662,0.994560327167426,-0.044513021806167,0.387272120661257,0.0777864249705582,0.918678168157289
0.910191870374185,0.0697647261764905,-0.408269080492587,-0.0959845711182651,0.994407036093209,-0.0440636888555808,0.402911555073798,0.0792939439669768,0.911797537416161
0.904485230449756,0.068780639951782,-0.420922429274177,-0.0964228063779349,0.99433551730266,-0.0447160087737581,0.415462525757082,0.08103149139856,0.905993811840495
0.90344072503167,0.0655577602911654,-0.423670905798188,-0.0947851012029094,0.994327231808821,-0.0482611714876541,0.418103624648489,0.0837587974424936,0.904529614167929
0.903899842675026,0.0600206362987851,-0.423512216624683,-0.0915456991006397,0.99430997328345,-0.0544707444894954,0.417833052053375,0.0880068193230147,0.904251259531557
0.90456537896859,0.0494140390765321,-0.423461601462935,-0.0844206419829716,0.994353330227895,-0.064300932122935,0.417893084865727,0.0939132972844547,0.903629161888088
0.905226610541028,0.0324749669553445,-0.423686393562092,-0.0724969784882907,0.994259979621925,-0.0786846937610994,0.418699142199349,0.101943461994671,0.902384928330516
0.909023304102926,0.016885725777883,-0.416403055779799,-0.0602057787175662,0.994018074040384,-0.0911226244686631,0.412373491881827,0.107902459406631,0.904602212271885
0.916959145066469,0.0175133946704913,-0.398596547007229,-0.0593346238297542,0.993912720150048,-0.0928272973802046,0.394544457183156,0.108769415421096,0.912416508824233
0.926291596660584,0.0227251990569201,-0.37612158045479,-0.0615085099371369,0.993910278628728,-0.0914279018761614,0.371753387558606,0.107823575177172,0.922048532060387
0.928670716802166,0.0143159764464641,-0.370628860954643,-0.0546900977222853,0.993617700093344,-0.0986552546615731,0.366851050107913,0.111887974687172,0.923526603923852
0.931076185013114,0.0102573068044647,-0.364680579903216,-0.0513659230817411,0.993332964765682,-0.103204472072583,0.361190641694088,0.114823380750346,0.925395543314141
0.934250746351512,0.0102772302872522,-0.356468682326043,-0.0507789967986754,0.993233103451767,-0.104448531304618,0.352983054020674,0.115682240405321,0.928450635644697
0.938201468274694,0.0113762176756502,-0.345902568071712,-0.0516865002411875,0.992856612976853,-0.107537211052499,0.342208285434509,0.118770062471686,0.932087528958759
0.941871779081611,0.00902262122660195,-0.335851372002323,-0.0494548927316186,0.992473412604969,-0.112030080144356,0.332312752320078,0.122127464472362,0.935228911586359
0.946516652033248,0.00397065844820814,-0.322630533730549,-0.0444058737622075,0.992012271793296,-0.118066807303821,0.319584645750051,0.12607888991814,0.939132454831492
0.952080373226817,0.00133399055275285,-0.305845031650818,-0.0400221410725069,0.991935305941865,-0.120260455054811,0.30321805873044,0.126738191936066,0.94445552545608
0.958687972257816,0.00452133167024714,-0.284423855202274,-0.0394201498845728,0.99233791951047,-0.117096136933328,0.281715146258191,0.123470689078658,0.951520659422152
0.96309348326557,0.0075206316815635,-0.269062042269997,-0.0394932237196478,0.992739536308453,-0.113615572569557,0.266254066206736,0.120048544969062,0.956397991988267
0.967537471799116,0.0106909890063658,-0.252501373102484,-0.0399890425159781,0.992994656290741,-0.111186730578284,0.249543818082575,0.117674616345661,0.96118706167149
0.972898565931612,0.0151613549013398,-0.230734725877506,-0.041269214836532,0.993212146511896,-0.108749638748866,0.227519740495167,0.11532460855684,0.966920370219918
0.97969921275836,0.0185900071957551,-0.199609278724994,-0.0404511121615093,0.993542269091752,-0.106006919835029,0.196349586313665,0.1119293132315,0.974124565337502
0.985059301058781,0.0219502568511171,-0.1708108884754,-0.0395950523945539,0.994139780290731,-0.100589905404918,0.167601924879931,0.105850287990482,0.980155758698011
0.988441438995286,0.0239135902770807,-0.149705249998084,-0.0384681286286824,0.994724765203074,-0.0950938724182433,0.146641483751141,0.099753604906038,0.984147089388326
0.99114817545797,0.0251324649223341,-0.130359708089832,-0.0369053012417694,0.995374802726068,-0.0886961151251641,0.127527616721213,0.092721956973361,0.987491440807685
0.993746462302992,0.0245924752154562,-0.1089182208038,-0.0338797193141996,0.995868026070939,-0.0842557966478402,0.106396114964218,0.0874190185963465,0.990473513986201
0.995739110022166,0.0236688105247756,-0.0891258221875557,-0.0310708650934978,0.996098099295356,-0.0826025297586036,0.0868229584534362,0.0850197858649482,0.992589245305867
0.997366670970633,0.0242470379854798,-0.0683506019423949,-0.0297410426113127,0.99630725624574,-0.0805439106107808,0.0661452494238931,0.0823646301577085,0.994404783615623
0.998409773701189,0.0255995500243685,-0.0502253602922856,-0.0295837029983772,0.99633510783276,-0.080256821621506,0.0479867512428566,0.0816150472549781,0.995508039026669
0.99883184732777,0.0251800325233825,-0.0412420504572138,-0.0283561172647457,0.996524143686215,-0.0783298261463907,0.0391263514458212,0.079407789369666,0.996074059299789
0.999109841047702,0.0216130218951392,-0.0362271004387166,-0.0243764576729966,0.99668172620653,-0.0776616054256486,0.0344283870222408,0.0784755626327891,0.996321369958767
0.999342314281746,0.0137943604607966,-0.0335358689388177,-0.0164910028262667,0.996535906581055,-0.0815121691556512,0.0322952893126532,0.0820115998755852,0.996107981984914
0.999564059710177,0.00217719154572556,-0.0294440210005772,-0.00476927433331397,0.996086672299163,-0.0882530185903779,0.0291366531716114,0.0883549721575037,0.99566282161031
0.999829145922126,-0.00980353696559998,-0.0156706613643722,0.00821912328108468,0.995137247809306,-0.0981544906512758,0.016556719998932,0.0980089214586366,0.995047801031383
0.999743587058546,-0.0226350128359407,-0.000645235792721393,0.0224326814934812,0.993888184608899,-0.108088164457719,0.00308786922058587,0.108045974884508,0.994141102849557
0.999457323219043,-0.0329386953356932,0.000318454719909253,0.0327755560142527,0.993448753858308,-0.109477561104235,0.00328967958665256,0.109428587704298,0.993989216340529
0.999311417238992,-0.0370009217550071,-0.00276100798229126,0.0365054297414993,0.993779937795869,-0.105208311619513,0.00663663884710492,0.105035075206904,0.994446372611964
0.999360767263041,-0.0346626695276281,-0.00874963980080562,0.0335989143951465,0.994280808837725,-0.101374484602719,0.0122135091965011,0.101015704314814,0.994809860061152
0.99949422305993,-0.0253549986203875,-0.019194325067229,0.0232619171500281,0.994475210303313,-0.102361805878394,0.0216836639046894,0.101863536837973,0.994562033551717
0.999347170644745,-0.0168754488116051,-0.0319445105104102,0.0133689646152643,0.994173117706376,-0.106962997410787,0.0335634221952798,0.106466103795486,0.993749699588961
0.998686883749647,-0.0157933387582868,-0.0487347789292751,0.0106029128138845,0.99441778698216,-0.1049802037213,0.0501207189321985,0.104325621897837,0.993279456220327
0.998069487014247,-0.0159902021903507,-0.060013436204145,0.0096417884107476,0.994465659498907,-0.104618774575346,0.0613541767719167,0.103838169818793,0.992700004775523
0.997223018592447,-0.0131586925560714,-0.0733014324524643,0.00562578160171468,0.994764441335133,-0.102039486653799,0.0742603647360969,0.101343747046455,0.992076026907135
0.995444800346548,-0.00856337242223798,-0.0949542948780045,-0.000749009528748782,0.995224883784358,-0.0976056846763444,0.0953367109131983,0.0972321929669913,0.990685021691094
0.992956781836592,-0.00597486446157749,-0.118326372374824,-0.00505564998907926,0.995681055383216,-0.0927020838716889,0.118369209712271,0.0926473795939829,0.988638049665529
0.990123087593364,-0.00561612522460565,-0.140088295556928,-0.00682657748454995,0.996080986110415,-0.0881820103487723,0.140034528793547,0.0882673679610146,0.986204442546678
0.986292021747908,-0.00509171069157763,-0.164930659122731,-0.00904206993248402,0.996354306857759,-0.084831221713068,0.164761308588398,0.0851596717245255,0.982650264083824
0.982027260096647,-0.00240442310419033,-0.188723817194887,-0.0132420172881568,0.996577034237577,-0.081601861549697,0.18827402743133,0.0826343365664168,0.978633974995256
0.975815077360187,0.00427248318097932,-0.218555898305219,-0.0224242972052526,0.996490966474041,-0.0806405892245484,0.217444442769604,0.0835912652320811,0.972486716971248
0.967585414011574,0.0114994535125564,-0.252282042882491,-0.0328675524343693,0.996200478446991,-0.0806494311136762,0.250396067439215,0.0863271064666147,0.964287011267951
0.959562187028022,0.0170087702142314,-0.28098240329565,-0.0411059952852718,0.99593965304613,-0.0800906027069508,0.278479274592575,0.0884019752389897,0.956365194053108
0.950853446857548,0.0198418337815366,-0.309004893539419,-0.0463615393626813,0.995818319037348,-0.0787177434734584,0.30615082927708,0.0891749802456752,0.947797179058442
0.94139496502165,0.0234493421512816,-0.336490190324411,-0.0520250223130346,0.995737529410182,-0.0761588443809073,0.333270035984657,0.0892014623017985,0.938602249218489
0.931963103205635,0.0271276450176125,-0.361536810213182,-0.0568569481301365,0.995793861794536,-0.071846170821079,0.358067119005154,0.087513859977281,0.929585532696818
0.923801891654756,0.0310742369191175,-0.381607726304107,-0.06199390553522,0.995688786186404,-0.0689970777579468,0.377818502262112,0.0873969842874486,0.92174559748657
0.918876917105747,0.0342648301243852,-0.393053600195682,-0.0670150568359797,0.995300381755108,-0.0699008743536727,0.388811256739707,0.0905708092857992,0.916854805919566
0.916469251167952,0.0305241944697963,-0.39893907456606,-0.0658571105434819,0.994994312158275,-0.0751608925142891,0.394647884391286,0.0951556216134971,0.913891927429514
0.91365844020104,0.0216699330116967,-0.405904753178221,-0.060885233022454,0.994608259134908,-0.0839487895114086,0.401897055288049,0.101414125563937,0.910051609573269
0.911044284931492,0.00945970281548958,-0.412199981703431,-0.0538694681969923,0.993898102304075,-0.096253013628319,0.408774254680795,0.109895751778687,0.905994775068354
0.911082393172406,0.00113475140495848,-0.412222737352625,-0.0491909479864416,0.993150100035614,-0.105986458736223,0.409278784555756,0.116840023701208,0.9048973894172
0.915185708160128,0.00299697050782959,-0.403021262152781,-0.050757986180543,0.992867475591003,-0.107878648269458,0.399823394035843,0.119185544766657,0.90881024394553
0.920707815069071,0.00426648992710385,-0.390229312500278,-0.0524621458753555,0.992216856590129,-0.112931097349479,0.386710282409054,0.124448811011221,0.91376564332273
0.923381733386715,-0.00506116314582742,-0.383849656864972,-0.0455571501796029,0.991402161762772,-0.122663359319795,0.381170198881364,0.130752201815937,0.915212074442326
0.92424060534523,-0.0143699920604438,-0.381540046075463,-0.0381713588505265,0.990807407377199,-0.129783006784316,0.379897684639678,0.134514626768454,0.915195915851222
0.925331875366122,-0.0183832654201531,-0.378712260144701,-0.0340379918347827,0.990763409915207,-0.13126035458221,0.377627244175087,0.134349994885316,0.916159234702705
0.929608129904497,-0.0189520135179433,-0.36806187794864,-0.0329712742324913,0.990395858903522,-0.134271879938584,0.367071682224262,0.136955700320838,0.920055170225503
0.935015203845162,-0.0214658315136551,-0.353957323212584,-0.0291912094639394,0.9901190100149,-0.137157643961788,0.353404077322861,0.138576924791048,0.925149714396018
0.940229052226361,-0.0244484328236003,-0.339663956701309,-0.0243380028634415,0.990044842702829,-0.138632142932836,0.339671887217853,0.138612710708654,0.93027389808801
0.943768607807799,-0.02394481990622,-0.329738472908741,-0.0220034491496763,0.990613022389294,-0.134913631995681,0.329873707867188,0.134582634364198,0.934382604389415
0.946039278992298,-0.0211270936384889,-0.323362534190534,-0.0215589193501399,0.991558203465299,-0.127857507159817,0.323334030996101,0.127929570682697,0.937597530577355
0.949714537857308,-0.0174830213404025,-0.312628598415582,-0.0212787274387474,0.992528150638125,-0.120146102514613,0.312393201496236,0.120756838960265,0.942246397447747
0.955425712863549,-0.0140731944072867,-0.294896002682901,-0.0213070006512549,0.992971598722516,-0.116419138691622,0.294461744412456,0.117513187896621,0.948410740000316
0.963075814895186,-0.0104376681240444,-0.269027935070145,-0.021144291733087,0.993229507678381,-0.114228122649667,0.268398758736101,0.115698747448249,0.956334620385473
0.969538691073148,-0.0063056566767416,-0.244857030134,-0.0207051748918971,0.993980605705226,-0.107581834965618,0.244061513239723,0.109374559088248,0.963572095683238
0.975519254933182,-0.00311433637347958,-0.219891982945179,-0.0196830364359025,0.994650164368747,-0.101408227466459,0.219031416311161,0.103253820414447,0.970239087667853
0.980780923913577,-0.00218946842838156,-0.195099937250715,-0.0172011348336077,0.995073305357987,-0.0976383015233623,0.194352515413791,0.0991177239041138,0.975911254449092
0.985658710735348,-0.00315941215179157,-0.168721439261252,-0.0133457242410155,0.995233697213697,-0.0966011365090422,0.168222464599755,0.0974674614689999,0.980918598232684
0.989509804022791,-0.00499217985784268,-0.144379451041505,-0.00908401681979855,0.995274929861797,-0.0966710640626981,0.144179847347668,0.0969685110170495,0.984788951750546
0.992403489027545,-0.0067648801273875,-0.122839535015476,-0.0051862914009248,0.995298962964413,-0.0967113059754098,0.12291630220382,0.0966137191025517,0.987703078831747
0.994593638147538,-0.00833059247070547,-0.103508918386445,-0.00168994544103946,0.995346501419951,-0.0963456599721591,0.103829856211261,0.0959997048961696,0.989951219817925
0.996165567256686,-0.00897291893338483,-0.0870267162311665,0.000530986276397795,0.995328415848055,-0.096545650647642,0.0874864598994573,0.0961292428515756,0.991516660476789
0.997332610357923,-0.0102136347073415,-0.0722727194916493,0.00310186548234129,0.995197555062961,-0.0978376452457546,0.0729249117050072,0.0973524938703149,0.992574656733713
0.997983725943007,-0.0118389372260531,-0.0623564136097582,0.00569320186352529,0.99518700471943,-0.0978284881315864,0.0632144778152507,0.0972762314387662,0.993247836439434
0.998022467015615,-0.0131211953993438,-0.0614734866699373,0.00694254078321379,0.994996858771041,-0.0996646986813065,0.0624736461201052,0.0990408262639931,0.993120314097645
0.998015016913716,-0.0175489041499789,-0.0604819144691389,0.0113275478097983,0.994749455067076,-0.101711397121334,0.0619492750186321,0.100824389940588,0.992973680274444
0.998324091701412,-0.023741532813507,-0.0527763919590687,0.0180001354612063,0.994126529104938,-0.106716630630599,0.055000027744814,0.105587801139311,0.992887815011663
0.998431625450938,-0.0326313949597317,-0.0454915526486171,0.0273258097071323,0.993250043082968,-0.112728222018857,0.0488629657639557,0.111308328433524,0.992583934283688
0.998015276755392,-0.040245490483147,-0.0484335406369459,0.0344777915214174,0.992821042747029,-0.114532349013322,0.0526952488813313,0.112635152481251,0.992238143376307
0.997874904732098,-0.0421780849510372,-0.0496657191206444,0.0363590544995594,0.992959046063217,-0.112740196900335,0.0540711906823378,0.110694814653133,0.992382468782628
0.997848830317596,-0.0403503435653183,-0.0516678004947807,0.0343042748173376,0.993004537679307,-0.112983206174919,0.0558652715294956,0.110967733699794,0.992252605697998
0.997544521141859,-0.039584564252943,-0.057775346063582,0.0327090206992879,0.992775198264403,-0.115444903204822,0.0619277668316532,0.11327165569542,0.991632232085698
0.99690785180963,-0.0412365262930528,-0.0668900882014072,0.0333793696218106,0.992850842006359,-0.114599403187434,0.0711375616953535,0.11201229587214,0.991157249324996
0.995939738799041,-0.0409019469746077,-0.0801939362706763,0.0314980427254287,0.992841834258084,-0.115208356691306,0.0843321408797736,0.112214628639632,0.990098968353115
0.994823836353562,-0.0393386360141587,-0.0936910152540231,0.028149632413614,0.992628252940542,-0.117884475904108,0.0976377632771382,0.114636918925595,0.988597614806694
0.993621151381974,-0.0362794734553587,-0.106774563132633,0.023683108118423,0.992854375412576,-0.116958538012219,0.110254786364193,0.113683723680686,0.987380318344395
0.991613129014128,-0.0330704022164401,-0.124938988566637,0.0187840210088391,0.993321501496866,-0.113840042246793,0.12786931970395,0.110538423913385,0.985611837346323
0.988351298749797,-0.0290299197227102,-0.149395361442331,0.0127518944264097,0.993983553576266,-0.108784577989889,0.151654539820374,0.105612305063348,0.98277512258455
0.983995480984372,-0.025261994595252,-0.176393664941248,0.00699803405732135,0.994614756310023,-0.103404613290155,0.178055948852231,0.100515263315694,0.978873209827968
